h is[1, 0, 0, 1, 4, 0, 0, 0, 0, 0, 0, 0, 0, 0, 0, 0, 0, 0, 0]
Nope! w/ p
[0, 1, 1, 0, 1, 2, 1, 2, 3, 1, 2, 1, 1, 2, 2, 1, 1, 1, 1]
([   1 x_00 x_01 x_02 x_03],)
Nope! w/ p
[0, 1, 1, 0, 1, 2, 1, 2, 3, 1, 2, 1, 1, 2, 2, 1, 1, 1, 1]
([   0    1 x_00 x_01 x_02],)
Nope! w/ p
[0, 1, 1, 0, 1, 2, 1, 2, 3, 1, 2, 1, 1, 2, 2, 1, 1, 1, 1]
([   0    0    1 x_00 x_01],)
Nope! w/ p
[0, 1, 1, 0, 1, 2, 1, 2, 3, 1, 2, 1, 1, 2, 2, 1, 1, 1, 1]
([   0    0    0    1 x_00],)
Nope! w/ p
[0, 1, 1, 0, 1, 2, 1, 2, 3, 1, 2, 1, 1, 2, 2, 1, 1, 1, 1]
([0 0 0 0 1],)
