10
10
5
5
5
1
0
8
33
6
22
12
4
5
16
18
6
4
10
2
0
0
0
3
2
1
3
0
10
10
1
7
2
0
0
0
7
1
2
1
1
0
10
27
10
19
10
1
9
7
10
8
5
6
1
0
0
0
2
21
4
20
8
11
3
11
50
33
16
6
8
28
6
0
0
1
1
5
5
20
2
2
9
2
0
2
2
0
0
1
0
4
3
1
3
1
0
0
2
2
0
0
2
17
3
2
2
1
2
2
0
0
0
0
5
3
2
1
0
0
0
4
18
6
11
6
4
9
7
11
6
4
5
0
0
0
0
0
6
1
5
2
11
7
7
29
23
7
3
3
16
0
0
1
1
4
5
6
20
0
4
7
1
0
2
0
0
0
0
0
0
0
0
0
0
0
0
1
3
0
0
0
6
0
2
0
0
1
0
0
0
0
0
3
1
0
1
0
0
0
2
25
8
19
8
15
6
31
55
37
31
12
7
26
3
0
2
2
2
17
15
20
1
2
18
2
0
2
1
0
0
0
0
0
0
7
2
5
23
14
6
2
6
13
2
0
4
3
17
16
0
7
4
22
14
14
97
8
8
8
26
4
0
12
3
8
4
0
0
0
4
0
0
17
1
2
20
8
4
8
0
6
2
0
0
0
0
0
0
0
0
0
0
0
0
0
0
0
0
0
0
0
0
0
1
6
1
1
0
0
0
0
7
2
10
4
5
2
0
1
2
0
0
0
0
0
0
0
2
6
1
4
1
0
1
0
1
1
2
4
3
3
1
1
3
0
0
1
1
2
2
2
3
2
12
7
2
16
0
2
4
13
0
0
2
0
2
0
0
1
1
2
0
0
7
0
1
5
1
0
3
0
3
0
0
0
0
0
0
0
0
0
0
0
0
0
0
0
0
0
0
0
0
0
0
0
0
0
0
0
0
0
2
2
0
0
1
6
0
1
0
0
1
4
0
0
1
7
0
1
6
0
9
2
0
4
0
3
0
3
0
0
1
0
0
0
0
0
0
1
1
0
1
0
3
1
0
1
0
2
4
0
6
0
0
0
0
0
0
0
0
0
0
0
0
0
0
0
0
0
0
0
0
0
0
0
0
0
0
0
0
0
0
0
0
0
0
0
0
0
0
0
0
0
0
0
0
0
0
0
0
0
0
0
0
0
0
0
0
0
0
0
0
0
0
0
0
0
0
0
0
0
0
0
0
0
0
1
0
1
0
REDO
0
0
0
0
0
0
0
0
0
0
0
0
1
2
9
5
3
1
9
19
3
1
1
5
2
1
1
0
6
4
6
28
3
3
2
7
1
0
26
5
20
6
9
6
0
2
3
0
0
1
1
0
1
0
1
4
1
4
1
0
1
0
0
0
0
0
0
0
0
0
0
0
0
0
0
0
0
0
0
0
0
0
0
0
0
0
0
0
0
0
0
0
0
4
1
6
2
3
1
0
0
0
0
0
0
0
0
8
3
7
1
1
4
3
2
1
0
1
0
1
0
0
0
0
0
0
0
0
0
0
REDO
0
