h is([1, 2, 1, 2, 5, 5, 1, 5, 7, 1, 3, 1, 2, 5, 3, 2, 1, 1, 1], ([   1    0    0    0    0 x_00    0    0]
[   0    1    0    0    0 x_01    0    0]
[   0    0    1    0    0 x_02    0    0]
[   0    0    0    1    0 x_03    0    0]
[   0    0    0    0    1 x_04    0    0]
[   0    0    0    0    0    0    1    0]
[   0    0    0    0    0    0    0    1], [0 1], [   1    0    0 x_20 x_21]
[   0    1    0 x_22 x_23]
[   0    0    1 x_24 x_25], [   1 x_30 x_31    0    0]
[   0    0    0    1    0]
[   0    0    0    0    1], [0 1]))
Nope! w/ p
[1, 2, 1, 2, 5, 5, 1, 5, 7, 1, 3, 1, 2, 5, 3, 2, 1, 1, 1]
([   1    0    0    0    0 x_00    0    0]
[   0    1    0    0    0 x_01    0    0]
[   0    0    1    0    0 x_02    0    0]
[   0    0    0    1    0 x_03    0    0]
[   0    0    0    0    1 x_04    0    0]
[   0    0    0    0    0    0    1    0]
[   0    0    0    0    0    0    0    1], [0 1], [   1    0    0 x_20 x_21]
[   0    1    0 x_22 x_23]
[   0    0    1 x_24 x_25], [   1 x_30 x_31    0    0]
[   0    0    0    1    0]
[   0    0    0    0    1], [0 1])
