h is([1, 2, 1, 2, 5, 5, 1, 4, 8, 1, 3, 1, 2, 5, 3, 2, 1, 1, 1], ([0 1 0 0 0]
[0 0 1 0 0]
[0 0 0 1 0]
[0 0 0 0 1], [   1 x_10], [0 0 1 0 0]
[0 0 0 1 0]
[0 0 0 0 1], [   0    1 x_30    0    0]
[   0    0    0    1    0]
[   0    0    0    0    1], [0 1]))
Nope! w/ p
[1, 2, 1, 2, 5, 5, 1, 4, 8, 1, 3, 1, 2, 5, 3, 2, 1, 1, 1]
([0 1 0 0 0]
[0 0 1 0 0]
[0 0 0 1 0]
[0 0 0 0 1], [   1 x_10], [0 0 1 0 0]
[0 0 0 1 0]
[0 0 0 0 1], [   0    1 x_30    0    0]
[   0    0    0    1    0]
[   0    0    0    0    1], [0 1])
