h is([1, 2, 1, 2, 5, 4, 1, 5, 7, 2, 5, 1, 1, 4, 4, 2, 0, 1, 1], ([   1    0    0 x_00    0]
[   0    1    0 x_01    0]
[   0    0    1 x_02    0]
[   0    0    0    0    1], [   1 x_10    0    0    0    0    0    0]
[   0    0    1    0    0    0    0    0]
[   0    0    0    1    0    0    0    0]
[   0    0    0    0    1    0    0    0]
[   0    0    0    0    0    1    0    0]
[   0    0    0    0    0    0    1    0]
[   0    0    0    0    0    0    0    1], [0 1], [0 1 0 0 0]
[0 0 1 0 0]
[0 0 0 1 0]
[0 0 0 0 1], [   1    0    0    0 x_40]
[   0    1    0    0 x_41]
[   0    0    1    0 x_42]
[   0    0    0    1 x_43], [   1 x_50]))
Nope! w/ p
[1, 2, 1, 2, 5, 4, 1, 5, 7, 2, 5, 1, 1, 4, 4, 2, 0, 1, 1]
([   1    0    0 x_00    0]
[   0    1    0 x_01    0]
[   0    0    1 x_02    0]
[   0    0    0    0    1], [   1 x_10    0    0    0    0    0    0]
[   0    0    1    0    0    0    0    0]
[   0    0    0    1    0    0    0    0]
[   0    0    0    0    1    0    0    0]
[   0    0    0    0    0    1    0    0]
[   0    0    0    0    0    0    1    0]
[   0    0    0    0    0    0    0    1], [0 1], [0 1 0 0 0]
[0 0 1 0 0]
[0 0 0 1 0]
[0 0 0 0 1], [   1    0    0    0 x_40]
[   0    1    0    0 x_41]
[   0    0    1    0 x_42]
[   0    0    0    1 x_43], [   1 x_50])
