h is([1, 2, 1, 2, 5, 5, 0, 4, 7, 1, 4, 1, 2, 5, 4, 2, 1, 1, 1], ([   1    0    0    0 x_00]
[   0    1    0    0 x_01]
[   0    0    1    0 x_02]
[   0    0    0    1 x_03], [0 1 0 0 0 0 0 0]
[0 0 1 0 0 0 0 0]
[0 0 0 1 0 0 0 0]
[0 0 0 0 1 0 0 0]
[0 0 0 0 0 1 0 0]
[0 0 0 0 0 0 1 0]
[0 0 0 0 0 0 0 1], [0 1], [   1    0    0    0 x_30]
[   0    1    0    0 x_31]
[   0    0    1    0 x_32]
[   0    0    0    1 x_33], [   1 x_40    0    0    0]
[   0    0    1    0    0]
[   0    0    0    1    0]
[   0    0    0    0    1], [0 1]))
Nope! w/ p
[1, 2, 1, 2, 5, 5, 0, 4, 7, 1, 4, 1, 2, 5, 4, 2, 1, 1, 1]
([   1    0    0    0 x_00]
[   0    1    0    0 x_01]
[   0    0    1    0 x_02]
[   0    0    0    1 x_03], [0 1 0 0 0 0 0 0]
[0 0 1 0 0 0 0 0]
[0 0 0 1 0 0 0 0]
[0 0 0 0 1 0 0 0]
[0 0 0 0 0 1 0 0]
[0 0 0 0 0 0 1 0]
[0 0 0 0 0 0 0 1], [0 1], [   1    0    0    0 x_30]
[   0    1    0    0 x_31]
[   0    0    1    0 x_32]
[   0    0    0    1 x_33], [   1 x_40    0    0    0]
[   0    0    1    0    0]
[   0    0    0    1    0]
[   0    0    0    0    1], [0 1])
