h is([1, 2, 1, 2, 5, 5, 0, 4, 8, 1, 4, 1, 2, 5, 3, 2, 1, 1, 1], ([   1    0 x_00    0    0]
[   0    1 x_01    0    0]
[   0    0    0    1    0]
[   0    0    0    0    1], [0 1], [0 1 0 0 0]
[0 0 1 0 0]
[0 0 0 1 0]
[0 0 0 0 1], [   1 x_30 x_31    0    0]
[   0    0    0    1    0]
[   0    0    0    0    1], [0 1]))
Nope! w/ p
[1, 2, 1, 2, 5, 5, 0, 4, 8, 1, 4, 1, 2, 5, 3, 2, 1, 1, 1]
([   1    0 x_00    0    0]
[   0    1 x_01    0    0]
[   0    0    0    1    0]
[   0    0    0    0    1], [0 1], [0 1 0 0 0]
[0 0 1 0 0]
[0 0 0 1 0]
[0 0 0 0 1], [   1 x_30 x_31    0    0]
[   0    0    0    1    0]
[   0    0    0    0    1], [0 1])
