h is([1, 2, 1, 2, 5, 5, 1, 5, 7, 1, 4, 1, 2, 5, 4, 1, 1, 2, 0], ([   1 x_00    0    0    0    0    0    0]
[   0    0    1    0    0    0    0    0]
[   0    0    0    1    0    0    0    0]
[   0    0    0    0    1    0    0    0]
[   0    0    0    0    0    1    0    0]
[   0    0    0    0    0    0    1    0]
[   0    0    0    0    0    0    0    1], [0 1], [   1    0    0 x_20    0]
[   0    1    0 x_21    0]
[   0    0    1 x_22    0]
[   0    0    0    0    1], [   1    0 x_30    0    0]
[   0    1 x_31    0    0]
[   0    0    0    1    0]
[   0    0    0    0    1], [   1 x_40]))
Nope! w/ p
[1, 2, 1, 2, 5, 5, 1, 5, 7, 1, 4, 1, 2, 5, 4, 1, 1, 2, 0]
([   1 x_00    0    0    0    0    0    0]
[   0    0    1    0    0    0    0    0]
[   0    0    0    1    0    0    0    0]
[   0    0    0    0    1    0    0    0]
[   0    0    0    0    0    1    0    0]
[   0    0    0    0    0    0    1    0]
[   0    0    0    0    0    0    0    1], [0 1], [   1    0    0 x_20    0]
[   0    1    0 x_21    0]
[   0    0    1 x_22    0]
[   0    0    0    0    1], [   1    0 x_30    0    0]
[   0    1 x_31    0    0]
[   0    0    0    1    0]
[   0    0    0    0    1], [   1 x_40])
