h is([1, 2, 1, 2, 5, 5, 1, 5, 7, 1, 4, 1, 2, 5, 4, 2, 1, 1, 0], ([0 1 0 0 0 0 0 0]
[0 0 1 0 0 0 0 0]
[0 0 0 1 0 0 0 0]
[0 0 0 0 1 0 0 0]
[0 0 0 0 0 1 0 0]
[0 0 0 0 0 0 1 0]
[0 0 0 0 0 0 0 1], [0 1], [   1 x_20    0    0    0]
[   0    0    1    0    0]
[   0    0    0    1    0]
[   0    0    0    0    1], [0 1 0 0 0]
[0 0 1 0 0]
[0 0 0 1 0]
[0 0 0 0 1], [0 1]))
Nope! w/ p
[1, 2, 1, 2, 5, 5, 1, 5, 7, 1, 4, 1, 2, 5, 4, 2, 1, 1, 0]
([0 1 0 0 0 0 0 0]
[0 0 1 0 0 0 0 0]
[0 0 0 1 0 0 0 0]
[0 0 0 0 1 0 0 0]
[0 0 0 0 0 1 0 0]
[0 0 0 0 0 0 1 0]
[0 0 0 0 0 0 0 1], [0 1], [   1 x_20    0    0    0]
[   0    0    1    0    0]
[   0    0    0    1    0]
[   0    0    0    0    1], [0 1 0 0 0]
[0 0 1 0 0]
[0 0 0 1 0]
[0 0 0 0 1], [0 1])
