h is([1, 2, 1, 2, 5, 5, 1, 5, 7, 2, 4, 1, 2, 5, 4, 1, 1, 1, 0], ([0 1 0 0 0 0 0 0]
[0 0 1 0 0 0 0 0]
[0 0 0 1 0 0 0 0]
[0 0 0 0 1 0 0 0]
[0 0 0 0 0 1 0 0]
[0 0 0 0 0 0 1 0]
[0 0 0 0 0 0 0 1], [   1    0    0    0 x_10]
[   0    1    0    0 x_11]
[   0    0    1    0 x_12]
[   0    0    0    1 x_13], [   1    0 x_20    0    0]
[   0    1 x_21    0    0]
[   0    0    0    1    0]
[   0    0    0    0    1], [   1 x_30], [   1 x_40]))
Nope! w/ p
[1, 2, 1, 2, 5, 5, 1, 5, 7, 2, 4, 1, 2, 5, 4, 1, 1, 1, 0]
([0 1 0 0 0 0 0 0]
[0 0 1 0 0 0 0 0]
[0 0 0 1 0 0 0 0]
[0 0 0 0 1 0 0 0]
[0 0 0 0 0 1 0 0]
[0 0 0 0 0 0 1 0]
[0 0 0 0 0 0 0 1], [   1    0    0    0 x_10]
[   0    1    0    0 x_11]
[   0    0    1    0 x_12]
[   0    0    0    1 x_13], [   1    0 x_20    0    0]
[   0    1 x_21    0    0]
[   0    0    0    1    0]
[   0    0    0    0    1], [   1 x_30], [   1 x_40])
