h is([1, 2, 1, 2, 5, 5, 1, 5, 7, 2, 5, 1, 2, 4, 3, 1, 0, 1, 1], ([   1    0    0    0 x_00    0    0    0]
[   0    1    0    0 x_01    0    0    0]
[   0    0    1    0 x_02    0    0    0]
[   0    0    0    1 x_03    0    0    0]
[   0    0    0    0    0    1    0    0]
[   0    0    0    0    0    0    1    0]
[   0    0    0    0    0    0    0    1], [0 1 0 0 0]
[0 0 1 0 0]
[0 0 0 1 0]
[0 0 0 0 1], [   1    0    0 x_20 x_21]
[   0    1    0 x_22 x_23]
[   0    0    1 x_24 x_25], [0 1], [0 1]))
Nope! w/ p
[1, 2, 1, 2, 5, 5, 1, 5, 7, 2, 5, 1, 2, 4, 3, 1, 0, 1, 1]
([   1    0    0    0 x_00    0    0    0]
[   0    1    0    0 x_01    0    0    0]
[   0    0    1    0 x_02    0    0    0]
[   0    0    0    1 x_03    0    0    0]
[   0    0    0    0    0    1    0    0]
[   0    0    0    0    0    0    1    0]
[   0    0    0    0    0    0    0    1], [0 1 0 0 0]
[0 0 1 0 0]
[0 0 0 1 0]
[0 0 0 0 1], [   1    0    0 x_20 x_21]
[   0    1    0 x_22 x_23]
[   0    0    1 x_24 x_25], [0 1], [0 1])
