h is([1, 2, 1, 2, 5, 5, 1, 5, 8, 1, 4, 1, 2, 5, 3, 2, 1, 1, 0], ([   1 x_00], [   1    0    0 x_10    0]
[   0    1    0 x_11    0]
[   0    0    1 x_12    0]
[   0    0    0    0    1], [   0    1    0 x_20    0]
[   0    0    1 x_21    0]
[   0    0    0    0    1], [   1 x_30]))
Nope! w/ p
[1, 2, 1, 2, 5, 5, 1, 5, 8, 1, 4, 1, 2, 5, 3, 2, 1, 1, 0]
([   1 x_00], [   1    0    0 x_10    0]
[   0    1    0 x_11    0]
[   0    0    1 x_12    0]
[   0    0    0    0    1], [   0    1    0 x_20    0]
[   0    0    1 x_21    0]
[   0    0    0    0    1], [   1 x_30])
