h is([1, 2, 1, 2, 5, 4, 1, 5, 8, 2, 5, 1, 1, 4, 3, 2, 0, 1, 1], ([   1    0 x_00    0    0]
[   0    1 x_01    0    0]
[   0    0    0    1    0]
[   0    0    0    0    1], [   1 x_10], [0 1 0 0 0]
[0 0 1 0 0]
[0 0 0 1 0]
[0 0 0 0 1], [0 0 1 0 0]
[0 0 0 1 0]
[0 0 0 0 1], [0 1]))
Nope! w/ p
[1, 2, 1, 2, 5, 4, 1, 5, 8, 2, 5, 1, 1, 4, 3, 2, 0, 1, 1]
([   1    0 x_00    0    0]
[   0    1 x_01    0    0]
[   0    0    0    1    0]
[   0    0    0    0    1], [   1 x_10], [0 1 0 0 0]
[0 0 1 0 0]
[0 0 0 1 0]
[0 0 0 0 1], [0 0 1 0 0]
[0 0 0 1 0]
[0 0 0 0 1], [0 1])
