h is([1, 2, 1, 2, 5, 5, 1, 5, 7, 1, 3, 1, 2, 5, 3, 2, 1, 1, 1], ([   1 x_00    0    0    0    0    0    0]
[   0    0    1    0    0    0    0    0]
[   0    0    0    1    0    0    0    0]
[   0    0    0    0    1    0    0    0]
[   0    0    0    0    0    1    0    0]
[   0    0    0    0    0    0    1    0]
[   0    0    0    0    0    0    0    1], [0 1], [   0    1 x_20    0    0]
[   0    0    0    1    0]
[   0    0    0    0    1], [   1    0 x_30 x_31    0]
[   0    1 x_32 x_33    0]
[   0    0    0    0    1], [   1 x_40]))
Nope! w/ p
[1, 2, 1, 2, 5, 5, 1, 5, 7, 1, 3, 1, 2, 5, 3, 2, 1, 1, 1]
([   1 x_00    0    0    0    0    0    0]
[   0    0    1    0    0    0    0    0]
[   0    0    0    1    0    0    0    0]
[   0    0    0    0    1    0    0    0]
[   0    0    0    0    0    1    0    0]
[   0    0    0    0    0    0    1    0]
[   0    0    0    0    0    0    0    1], [0 1], [   0    1 x_20    0    0]
[   0    0    0    1    0]
[   0    0    0    0    1], [   1    0 x_30 x_31    0]
[   0    1 x_32 x_33    0]
[   0    0    0    0    1], [   1 x_40])
