h is([1, 2, 1, 2, 5, 5, 1, 5, 7, 2, 5, 1, 2, 4, 5, 1, 0, 1, 0], ([   1 x_00    0    0    0    0    0    0]
[   0    0    1    0    0    0    0    0]
[   0    0    0    1    0    0    0    0]
[   0    0    0    0    1    0    0    0]
[   0    0    0    0    0    1    0    0]
[   0    0    0    0    0    0    1    0]
[   0    0    0    0    0    0    0    1], [0 1 0 0 0]
[0 0 1 0 0]
[0 0 0 1 0]
[0 0 0 0 1], [0 1], [   1 x_30]))
Nope! w/ p
[1, 2, 1, 2, 5, 5, 1, 5, 7, 2, 5, 1, 2, 4, 5, 1, 0, 1, 0]
([   1 x_00    0    0    0    0    0    0]
[   0    0    1    0    0    0    0    0]
[   0    0    0    1    0    0    0    0]
[   0    0    0    0    1    0    0    0]
[   0    0    0    0    0    1    0    0]
[   0    0    0    0    0    0    1    0]
[   0    0    0    0    0    0    0    1], [0 1 0 0 0]
[0 0 1 0 0]
[0 0 0 1 0]
[0 0 0 0 1], [0 1], [   1 x_30])
