h is([1, 2, 1, 2, 5, 4, 1, 5, 7, 2, 5, 1, 1, 4, 4, 2, 0, 1, 1], ([   1 x_00    0    0    0]
[   0    0    1    0    0]
[   0    0    0    1    0]
[   0    0    0    0    1], [   1    0    0    0    0    0    0 x_10]
[   0    1    0    0    0    0    0 x_11]
[   0    0    1    0    0    0    0 x_12]
[   0    0    0    1    0    0    0 x_13]
[   0    0    0    0    1    0    0 x_14]
[   0    0    0    0    0    1    0 x_15]
[   0    0    0    0    0    0    1 x_16], [   1 x_20], [   1 x_30    0    0    0]
[   0    0    1    0    0]
[   0    0    0    1    0]
[   0    0    0    0    1], [   1    0 x_40    0    0]
[   0    1 x_41    0    0]
[   0    0    0    1    0]
[   0    0    0    0    1], [0 1]))
Nope! w/ p
[1, 2, 1, 2, 5, 4, 1, 5, 7, 2, 5, 1, 1, 4, 4, 2, 0, 1, 1]
([   1 x_00    0    0    0]
[   0    0    1    0    0]
[   0    0    0    1    0]
[   0    0    0    0    1], [   1    0    0    0    0    0    0 x_10]
[   0    1    0    0    0    0    0 x_11]
[   0    0    1    0    0    0    0 x_12]
[   0    0    0    1    0    0    0 x_13]
[   0    0    0    0    1    0    0 x_14]
[   0    0    0    0    0    1    0 x_15]
[   0    0    0    0    0    0    1 x_16], [   1 x_20], [   1 x_30    0    0    0]
[   0    0    1    0    0]
[   0    0    0    1    0]
[   0    0    0    0    1], [   1    0 x_40    0    0]
[   0    1 x_41    0    0]
[   0    0    0    1    0]
[   0    0    0    0    1], [0 1])
