h is([1, 2, 1, 2, 5, 5, 1, 5, 8, 2, 5, 1, 1, 4, 4, 2, 0, 1, 0], ([   1 x_00], [   1 x_10    0    0    0]
[   0    0    1    0    0]
[   0    0    0    1    0]
[   0    0    0    0    1], [   1    0    0    0 x_20]
[   0    1    0    0 x_21]
[   0    0    1    0 x_22]
[   0    0    0    1 x_23], [   1 x_30]))
Nope! w/ p
[1, 2, 1, 2, 5, 5, 1, 5, 8, 2, 5, 1, 1, 4, 4, 2, 0, 1, 0]
([   1 x_00], [   1 x_10    0    0    0]
[   0    0    1    0    0]
[   0    0    0    1    0]
[   0    0    0    0    1], [   1    0    0    0 x_20]
[   0    1    0    0 x_21]
[   0    0    1    0 x_22]
[   0    0    0    1 x_23], [   1 x_30])
