h is([1, 2, 1, 2, 5, 5, 1, 4, 8, 1, 4, 1, 2, 5, 4, 1, 1, 2, 0], ([   1    0    0 x_00    0]
[   0    1    0 x_01    0]
[   0    0    1 x_02    0]
[   0    0    0    0    1], [0 1], [   1    0    0 x_20    0]
[   0    1    0 x_21    0]
[   0    0    1 x_22    0]
[   0    0    0    0    1], [   1 x_30    0    0    0]
[   0    0    1    0    0]
[   0    0    0    1    0]
[   0    0    0    0    1], [0 1]))
Nope! w/ p
[1, 2, 1, 2, 5, 5, 1, 4, 8, 1, 4, 1, 2, 5, 4, 1, 1, 2, 0]
([   1    0    0 x_00    0]
[   0    1    0 x_01    0]
[   0    0    1 x_02    0]
[   0    0    0    0    1], [0 1], [   1    0    0 x_20    0]
[   0    1    0 x_21    0]
[   0    0    1 x_22    0]
[   0    0    0    0    1], [   1 x_30    0    0    0]
[   0    0    1    0    0]
[   0    0    0    1    0]
[   0    0    0    0    1], [0 1])
