h is([1, 2, 1, 2, 5, 5, 1, 5, 8, 2, 4, 1, 2, 5, 3, 1, 1, 1, 0], ([   1    0    0    0 x_00]
[   0    1    0    0 x_01]
[   0    0    1    0 x_02]
[   0    0    0    1 x_03], [   1 x_10    0    0 x_11]
[   0    0    1    0 x_12]
[   0    0    0    1 x_13], [   1 x_20], [0 1]))
Nope! w/ p
[1, 2, 1, 2, 5, 5, 1, 5, 8, 2, 4, 1, 2, 5, 3, 1, 1, 1, 0]
([   1    0    0    0 x_00]
[   0    1    0    0 x_01]
[   0    0    1    0 x_02]
[   0    0    0    1 x_03], [   1 x_10    0    0 x_11]
[   0    0    1    0 x_12]
[   0    0    0    1 x_13], [   1 x_20], [0 1])
