h is([1, 2, 1, 2, 5, 5, 1, 4, 8, 1, 3, 1, 2, 5, 3, 2, 1, 1, 1], ([   1 x_00    0    0    0]
[   0    0    1    0    0]
[   0    0    0    1    0]
[   0    0    0    0    1], [   1 x_10], [   0    1    0    0 x_20]
[   0    0    1    0 x_21]
[   0    0    0    1 x_22], [   1 x_30    0    0 x_31]
[   0    0    1    0 x_32]
[   0    0    0    1 x_33], [0 1]))
Nope! w/ p
[1, 2, 1, 2, 5, 5, 1, 4, 8, 1, 3, 1, 2, 5, 3, 2, 1, 1, 1]
([   1 x_00    0    0    0]
[   0    0    1    0    0]
[   0    0    0    1    0]
[   0    0    0    0    1], [   1 x_10], [   0    1    0    0 x_20]
[   0    0    1    0 x_21]
[   0    0    0    1 x_22], [   1 x_30    0    0 x_31]
[   0    0    1    0 x_32]
[   0    0    0    1 x_33], [0 1])
