h is([1, 2, 1, 2, 5, 5, 1, 5, 7, 2, 5, 1, 1, 4, 3, 2, 0, 1, 1], ([   1    0    0    0    0 x_00    0    0]
[   0    1    0    0    0 x_01    0    0]
[   0    0    1    0    0 x_02    0    0]
[   0    0    0    1    0 x_03    0    0]
[   0    0    0    0    1 x_04    0    0]
[   0    0    0    0    0    0    1    0]
[   0    0    0    0    0    0    0    1], [   1 x_10], [0 1 0 0 0]
[0 0 1 0 0]
[0 0 0 1 0]
[0 0 0 0 1], [   1 x_30    0    0 x_31]
[   0    0    1    0 x_32]
[   0    0    0    1 x_33], [0 1]))
Nope! w/ p
[1, 2, 1, 2, 5, 5, 1, 5, 7, 2, 5, 1, 1, 4, 3, 2, 0, 1, 1]
([   1    0    0    0    0 x_00    0    0]
[   0    1    0    0    0 x_01    0    0]
[   0    0    1    0    0 x_02    0    0]
[   0    0    0    1    0 x_03    0    0]
[   0    0    0    0    1 x_04    0    0]
[   0    0    0    0    0    0    1    0]
[   0    0    0    0    0    0    0    1], [   1 x_10], [0 1 0 0 0]
[0 0 1 0 0]
[0 0 0 1 0]
[0 0 0 0 1], [   1 x_30    0    0 x_31]
[   0    0    1    0 x_32]
[   0    0    0    1 x_33], [0 1])
