h is([1, 2, 1, 2, 5, 5, 1, 4, 8, 1, 4, 1, 2, 5, 4, 1, 1, 2, 0], ([0 1 0 0 0]
[0 0 1 0 0]
[0 0 0 1 0]
[0 0 0 0 1], [   1 x_10], [   1    0    0 x_20    0]
[   0    1    0 x_21    0]
[   0    0    1 x_22    0]
[   0    0    0    0    1], [0 1 0 0 0]
[0 0 1 0 0]
[0 0 0 1 0]
[0 0 0 0 1], [   1 x_40]))
Nope! w/ p
[1, 2, 1, 2, 5, 5, 1, 4, 8, 1, 4, 1, 2, 5, 4, 1, 1, 2, 0]
([0 1 0 0 0]
[0 0 1 0 0]
[0 0 0 1 0]
[0 0 0 0 1], [   1 x_10], [   1    0    0 x_20    0]
[   0    1    0 x_21    0]
[   0    0    1 x_22    0]
[   0    0    0    0    1], [0 1 0 0 0]
[0 0 1 0 0]
[0 0 0 1 0]
[0 0 0 0 1], [   1 x_40])
