h is([1, 2, 1, 2, 5, 5, 0, 4, 8, 1, 4, 1, 2, 5, 3, 2, 1, 1, 1], ([   1    0 x_00    0    0]
[   0    1 x_01    0    0]
[   0    0    0    1    0]
[   0    0    0    0    1], [   1 x_10], [   1    0    0    0 x_20]
[   0    1    0    0 x_21]
[   0    0    1    0 x_22]
[   0    0    0    1 x_23], [0 0 1 0 0]
[0 0 0 1 0]
[0 0 0 0 1], [   1 x_40]))
Nope! w/ p
[1, 2, 1, 2, 5, 5, 0, 4, 8, 1, 4, 1, 2, 5, 3, 2, 1, 1, 1]
([   1    0 x_00    0    0]
[   0    1 x_01    0    0]
[   0    0    0    1    0]
[   0    0    0    0    1], [   1 x_10], [   1    0    0    0 x_20]
[   0    1    0    0 x_21]
[   0    0    1    0 x_22]
[   0    0    0    1 x_23], [0 0 1 0 0]
[0 0 0 1 0]
[0 0 0 0 1], [   1 x_40])
