h is([1, 2, 1, 2, 5, 5, 1, 4, 7, 1, 4, 1, 2, 5, 3, 2, 1, 1, 1], ([   1    0 x_00    0    0]
[   0    1 x_01    0    0]
[   0    0    0    1    0]
[   0    0    0    0    1], [   1 x_10    0    0    0    0    0    0]
[   0    0    1    0    0    0    0    0]
[   0    0    0    1    0    0    0    0]
[   0    0    0    0    1    0    0    0]
[   0    0    0    0    0    1    0    0]
[   0    0    0    0    0    0    1    0]
[   0    0    0    0    0    0    0    1], [   1 x_20], [0 1 0 0 0]
[0 0 1 0 0]
[0 0 0 1 0]
[0 0 0 0 1], [   1    0 x_40    0 x_41]
[   0    1 x_42    0 x_43]
[   0    0    0    1 x_44], [   1 x_50]))
Nope! w/ p
[1, 2, 1, 2, 5, 5, 1, 4, 7, 1, 4, 1, 2, 5, 3, 2, 1, 1, 1]
([   1    0 x_00    0    0]
[   0    1 x_01    0    0]
[   0    0    0    1    0]
[   0    0    0    0    1], [   1 x_10    0    0    0    0    0    0]
[   0    0    1    0    0    0    0    0]
[   0    0    0    1    0    0    0    0]
[   0    0    0    0    1    0    0    0]
[   0    0    0    0    0    1    0    0]
[   0    0    0    0    0    0    1    0]
[   0    0    0    0    0    0    0    1], [   1 x_20], [0 1 0 0 0]
[0 0 1 0 0]
[0 0 0 1 0]
[0 0 0 0 1], [   1    0 x_40    0 x_41]
[   0    1 x_42    0 x_43]
[   0    0    0    1 x_44], [   1 x_50])
