h is([1, 2, 1, 2, 5, 5, 1, 5, 7, 2, 5, 1, 2, 4, 4, 2, 0, 1, 0], ([   1    0    0    0    0    0 x_00    0]
[   0    1    0    0    0    0 x_01    0]
[   0    0    1    0    0    0 x_02    0]
[   0    0    0    1    0    0 x_03    0]
[   0    0    0    0    1    0 x_04    0]
[   0    0    0    0    0    1 x_05    0]
[   0    0    0    0    0    0    0    1], [   1    0    0    0 x_10]
[   0    1    0    0 x_11]
[   0    0    1    0 x_12]
[   0    0    0    1 x_13], [   1 x_20    0    0    0]
[   0    0    1    0    0]
[   0    0    0    1    0]
[   0    0    0    0    1], [0 1]))
Nope! w/ p
[1, 2, 1, 2, 5, 5, 1, 5, 7, 2, 5, 1, 2, 4, 4, 2, 0, 1, 0]
([   1    0    0    0    0    0 x_00    0]
[   0    1    0    0    0    0 x_01    0]
[   0    0    1    0    0    0 x_02    0]
[   0    0    0    1    0    0 x_03    0]
[   0    0    0    0    1    0 x_04    0]
[   0    0    0    0    0    1 x_05    0]
[   0    0    0    0    0    0    0    1], [   1    0    0    0 x_10]
[   0    1    0    0 x_11]
[   0    0    1    0 x_12]
[   0    0    0    1 x_13], [   1 x_20    0    0    0]
[   0    0    1    0    0]
[   0    0    0    1    0]
[   0    0    0    0    1], [0 1])
