h is([1, 2, 1, 2, 5, 5, 1, 5, 8, 2, 4, 1, 2, 5, 3, 0, 1, 2, 0], ([   1 x_00    0    0    0]
[   0    0    1    0    0]
[   0    0    0    1    0]
[   0    0    0    0    1], [   1    0    0 x_10 x_11]
[   0    1    0 x_12 x_13]
[   0    0    1 x_14 x_15]))
Nope! w/ p
[1, 2, 1, 2, 5, 5, 1, 5, 8, 2, 4, 1, 2, 5, 3, 0, 1, 2, 0]
([   1 x_00    0    0    0]
[   0    0    1    0    0]
[   0    0    0    1    0]
[   0    0    0    0    1], [   1    0    0 x_10 x_11]
[   0    1    0 x_12 x_13]
[   0    0    1 x_14 x_15])
