h is[1, 0, 0, 1, 0, 0, 1, 2, 0, 2, 0, 0, 0, 0, 0, 0, 0, 0, 0]
Nope! w/ p
[0, 2, 1, 1, 5, 5, 0, 3, 8, 0, 5, 1, 2, 5, 5, 2, 1, 2, 1]
([   1 x_00], [   1    0    0 x_10 x_11]
[   0    1    0 x_12 x_13]
[   0    0    1 x_14 x_15])
Nope! w/ p
[0, 2, 1, 1, 5, 5, 0, 3, 8, 0, 5, 1, 2, 5, 5, 2, 1, 2, 1]
([   1 x_00], [   1    0 x_10    0 x_11]
[   0    1 x_12    0 x_13]
[   0    0    0    1 x_14])
Nope! w/ p
[0, 2, 1, 1, 5, 5, 0, 3, 8, 0, 5, 1, 2, 5, 5, 2, 1, 2, 1]
([   1 x_00], [   1    0 x_10 x_11    0]
[   0    1 x_12 x_13    0]
[   0    0    0    0    1])
Nope! w/ p
[0, 2, 1, 1, 5, 5, 0, 3, 8, 0, 5, 1, 2, 5, 5, 2, 1, 2, 1]
([   1 x_00], [   1 x_10    0    0 x_11]
[   0    0    1    0 x_12]
[   0    0    0    1 x_13])
Nope! w/ p
[0, 2, 1, 1, 5, 5, 0, 3, 8, 0, 5, 1, 2, 5, 5, 2, 1, 2, 1]
([   1 x_00], [   1 x_10    0 x_11    0]
[   0    0    1 x_12    0]
[   0    0    0    0    1])
Nope! w/ p
[0, 2, 1, 1, 5, 5, 0, 3, 8, 0, 5, 1, 2, 5, 5, 2, 1, 2, 1]
([   1 x_00], [   1 x_10 x_11    0    0]
[   0    0    0    1    0]
[   0    0    0    0    1])
Nope! w/ p
[0, 2, 1, 1, 5, 5, 0, 3, 8, 0, 5, 1, 2, 5, 5, 2, 1, 2, 1]
([   1 x_00], [   0    1    0    0 x_10]
[   0    0    1    0 x_11]
[   0    0    0    1 x_12])
Nope! w/ p
[0, 2, 1, 1, 5, 5, 0, 3, 8, 0, 5, 1, 2, 5, 5, 2, 1, 2, 1]
([   1 x_00], [   0    1    0 x_10    0]
[   0    0    1 x_11    0]
[   0    0    0    0    1])
Nope! w/ p
[0, 2, 1, 1, 5, 5, 0, 3, 8, 0, 5, 1, 2, 5, 5, 2, 1, 2, 1]
([   1 x_00], [   0    1 x_10    0    0]
[   0    0    0    1    0]
[   0    0    0    0    1])
Nope! w/ p
[0, 2, 1, 1, 5, 5, 0, 3, 8, 0, 5, 1, 2, 5, 5, 2, 1, 2, 1]
([   1 x_00], [0 0 1 0 0]
[0 0 0 1 0]
[0 0 0 0 1])
Nope! w/ p
[0, 2, 1, 1, 5, 5, 0, 3, 8, 0, 5, 1, 2, 5, 5, 2, 1, 2, 1]
([0 1], [   1    0    0 x_10 x_11]
[   0    1    0 x_12 x_13]
[   0    0    1 x_14 x_15])
Nope! w/ p
[0, 2, 1, 1, 5, 5, 0, 3, 8, 0, 5, 1, 2, 5, 5, 2, 1, 2, 1]
([0 1], [   1    0 x_10    0 x_11]
[   0    1 x_12    0 x_13]
[   0    0    0    1 x_14])
Nope! w/ p
[0, 2, 1, 1, 5, 5, 0, 3, 8, 0, 5, 1, 2, 5, 5, 2, 1, 2, 1]
([0 1], [   1    0 x_10 x_11    0]
[   0    1 x_12 x_13    0]
[   0    0    0    0    1])
Nope! w/ p
[0, 2, 1, 1, 5, 5, 0, 3, 8, 0, 5, 1, 2, 5, 5, 2, 1, 2, 1]
([0 1], [   1 x_10    0    0 x_11]
[   0    0    1    0 x_12]
[   0    0    0    1 x_13])
Nope! w/ p
[0, 2, 1, 1, 5, 5, 0, 3, 8, 0, 5, 1, 2, 5, 5, 2, 1, 2, 1]
([0 1], [   1 x_10    0 x_11    0]
[   0    0    1 x_12    0]
[   0    0    0    0    1])
Nope! w/ p
[0, 2, 1, 1, 5, 5, 0, 3, 8, 0, 5, 1, 2, 5, 5, 2, 1, 2, 1]
([0 1], [   1 x_10 x_11    0    0]
[   0    0    0    1    0]
[   0    0    0    0    1])
Nope! w/ p
[0, 2, 1, 1, 5, 5, 0, 3, 8, 0, 5, 1, 2, 5, 5, 2, 1, 2, 1]
([0 1], [   0    1    0    0 x_10]
[   0    0    1    0 x_11]
[   0    0    0    1 x_12])
Nope! w/ p
[0, 2, 1, 1, 5, 5, 0, 3, 8, 0, 5, 1, 2, 5, 5, 2, 1, 2, 1]
([0 1], [   0    1    0 x_10    0]
[   0    0    1 x_11    0]
[   0    0    0    0    1])
Nope! w/ p
[0, 2, 1, 1, 5, 5, 0, 3, 8, 0, 5, 1, 2, 5, 5, 2, 1, 2, 1]
([0 1], [   0    1 x_10    0    0]
[   0    0    0    1    0]
[   0    0    0    0    1])
Nope! w/ p
[0, 2, 1, 1, 5, 5, 0, 3, 8, 0, 5, 1, 2, 5, 5, 2, 1, 2, 1]
([0 1], [0 0 1 0 0]
[0 0 0 1 0]
[0 0 0 0 1])
