h is[1, 1, 0, 1, 2, 2, 0, 0, 0, 0, 0, 0, 0, 0, 0, 0, 0, 0, 0]
Nope! w/ p
[0, 1, 1, 1, 3, 3, 1, 5, 8, 2, 5, 1, 2, 5, 5, 2, 1, 2, 1]
([   1 x_00], [   1 x_10], [   1    0    0 x_20 x_21]
[   0    1    0 x_22 x_23]
[   0    0    1 x_24 x_25], [   1    0    0 x_30 x_31]
[   0    1    0 x_32 x_33]
[   0    0    1 x_34 x_35])
Nope! w/ p
[0, 1, 1, 1, 3, 3, 1, 5, 8, 2, 5, 1, 2, 5, 5, 2, 1, 2, 1]
([   1 x_00], [   1 x_10], [   1    0    0 x_20 x_21]
[   0    1    0 x_22 x_23]
[   0    0    1 x_24 x_25], [   1    0 x_30    0 x_31]
[   0    1 x_32    0 x_33]
[   0    0    0    1 x_34])
Nope! w/ p
[0, 1, 1, 1, 3, 3, 1, 5, 8, 2, 5, 1, 2, 5, 5, 2, 1, 2, 1]
([   1 x_00], [   1 x_10], [   1    0    0 x_20 x_21]
[   0    1    0 x_22 x_23]
[   0    0    1 x_24 x_25], [   1    0 x_30 x_31    0]
[   0    1 x_32 x_33    0]
[   0    0    0    0    1])
Nope! w/ p
[0, 1, 1, 1, 3, 3, 1, 5, 8, 2, 5, 1, 2, 5, 5, 2, 1, 2, 1]
([   1 x_00], [   1 x_10], [   1    0    0 x_20 x_21]
[   0    1    0 x_22 x_23]
[   0    0    1 x_24 x_25], [   1 x_30    0    0 x_31]
[   0    0    1    0 x_32]
[   0    0    0    1 x_33])
Nope! w/ p
[0, 1, 1, 1, 3, 3, 1, 5, 8, 2, 5, 1, 2, 5, 5, 2, 1, 2, 1]
([   1 x_00], [   1 x_10], [   1    0    0 x_20 x_21]
[   0    1    0 x_22 x_23]
[   0    0    1 x_24 x_25], [   1 x_30    0 x_31    0]
[   0    0    1 x_32    0]
[   0    0    0    0    1])
Nope! w/ p
[0, 1, 1, 1, 3, 3, 1, 5, 8, 2, 5, 1, 2, 5, 5, 2, 1, 2, 1]
([   1 x_00], [   1 x_10], [   1    0    0 x_20 x_21]
[   0    1    0 x_22 x_23]
[   0    0    1 x_24 x_25], [   1 x_30 x_31    0    0]
[   0    0    0    1    0]
[   0    0    0    0    1])
Nope! w/ p
[0, 1, 1, 1, 3, 3, 1, 5, 8, 2, 5, 1, 2, 5, 5, 2, 1, 2, 1]
([   1 x_00], [   1 x_10], [   1    0    0 x_20 x_21]
[   0    1    0 x_22 x_23]
[   0    0    1 x_24 x_25], [   0    1    0    0 x_30]
[   0    0    1    0 x_31]
[   0    0    0    1 x_32])
Nope! w/ p
[0, 1, 1, 1, 3, 3, 1, 5, 8, 2, 5, 1, 2, 5, 5, 2, 1, 2, 1]
([   1 x_00], [   1 x_10], [   1    0    0 x_20 x_21]
[   0    1    0 x_22 x_23]
[   0    0    1 x_24 x_25], [   0    1    0 x_30    0]
[   0    0    1 x_31    0]
[   0    0    0    0    1])
Nope! w/ p
[0, 1, 1, 1, 3, 3, 1, 5, 8, 2, 5, 1, 2, 5, 5, 2, 1, 2, 1]
([   1 x_00], [   1 x_10], [   1    0    0 x_20 x_21]
[   0    1    0 x_22 x_23]
[   0    0    1 x_24 x_25], [   0    1 x_30    0    0]
[   0    0    0    1    0]
[   0    0    0    0    1])
Nope! w/ p
[0, 1, 1, 1, 3, 3, 1, 5, 8, 2, 5, 1, 2, 5, 5, 2, 1, 2, 1]
([   1 x_00], [   1 x_10], [   1    0    0 x_20 x_21]
[   0    1    0 x_22 x_23]
[   0    0    1 x_24 x_25], [0 0 1 0 0]
[0 0 0 1 0]
[0 0 0 0 1])
Nope! w/ p
[0, 1, 1, 1, 3, 3, 1, 5, 8, 2, 5, 1, 2, 5, 5, 2, 1, 2, 1]
([   1 x_00], [   1 x_10], [   1    0 x_20    0 x_21]
[   0    1 x_22    0 x_23]
[   0    0    0    1 x_24], [   1    0    0 x_30 x_31]
[   0    1    0 x_32 x_33]
[   0    0    1 x_34 x_35])
Nope! w/ p
[0, 1, 1, 1, 3, 3, 1, 5, 8, 2, 5, 1, 2, 5, 5, 2, 1, 2, 1]
([   1 x_00], [   1 x_10], [   1    0 x_20    0 x_21]
[   0    1 x_22    0 x_23]
[   0    0    0    1 x_24], [   1    0 x_30    0 x_31]
[   0    1 x_32    0 x_33]
[   0    0    0    1 x_34])
Nope! w/ p
[0, 1, 1, 1, 3, 3, 1, 5, 8, 2, 5, 1, 2, 5, 5, 2, 1, 2, 1]
([   1 x_00], [   1 x_10], [   1    0 x_20    0 x_21]
[   0    1 x_22    0 x_23]
[   0    0    0    1 x_24], [   1    0 x_30 x_31    0]
[   0    1 x_32 x_33    0]
[   0    0    0    0    1])
Nope! w/ p
[0, 1, 1, 1, 3, 3, 1, 5, 8, 2, 5, 1, 2, 5, 5, 2, 1, 2, 1]
([   1 x_00], [   1 x_10], [   1    0 x_20    0 x_21]
[   0    1 x_22    0 x_23]
[   0    0    0    1 x_24], [   1 x_30    0    0 x_31]
[   0    0    1    0 x_32]
[   0    0    0    1 x_33])
Nope! w/ p
[0, 1, 1, 1, 3, 3, 1, 5, 8, 2, 5, 1, 2, 5, 5, 2, 1, 2, 1]
([   1 x_00], [   1 x_10], [   1    0 x_20    0 x_21]
[   0    1 x_22    0 x_23]
[   0    0    0    1 x_24], [   1 x_30    0 x_31    0]
[   0    0    1 x_32    0]
[   0    0    0    0    1])
Nope! w/ p
[0, 1, 1, 1, 3, 3, 1, 5, 8, 2, 5, 1, 2, 5, 5, 2, 1, 2, 1]
([   1 x_00], [   1 x_10], [   1    0 x_20    0 x_21]
[   0    1 x_22    0 x_23]
[   0    0    0    1 x_24], [   1 x_30 x_31    0    0]
[   0    0    0    1    0]
[   0    0    0    0    1])
Nope! w/ p
[0, 1, 1, 1, 3, 3, 1, 5, 8, 2, 5, 1, 2, 5, 5, 2, 1, 2, 1]
([   1 x_00], [   1 x_10], [   1    0 x_20    0 x_21]
[   0    1 x_22    0 x_23]
[   0    0    0    1 x_24], [   0    1    0    0 x_30]
[   0    0    1    0 x_31]
[   0    0    0    1 x_32])
Nope! w/ p
[0, 1, 1, 1, 3, 3, 1, 5, 8, 2, 5, 1, 2, 5, 5, 2, 1, 2, 1]
([   1 x_00], [   1 x_10], [   1    0 x_20    0 x_21]
[   0    1 x_22    0 x_23]
[   0    0    0    1 x_24], [   0    1    0 x_30    0]
[   0    0    1 x_31    0]
[   0    0    0    0    1])
Nope! w/ p
[0, 1, 1, 1, 3, 3, 1, 5, 8, 2, 5, 1, 2, 5, 5, 2, 1, 2, 1]
([   1 x_00], [   1 x_10], [   1    0 x_20    0 x_21]
[   0    1 x_22    0 x_23]
[   0    0    0    1 x_24], [   0    1 x_30    0    0]
[   0    0    0    1    0]
[   0    0    0    0    1])
Nope! w/ p
[0, 1, 1, 1, 3, 3, 1, 5, 8, 2, 5, 1, 2, 5, 5, 2, 1, 2, 1]
([   1 x_00], [   1 x_10], [   1    0 x_20    0 x_21]
[   0    1 x_22    0 x_23]
[   0    0    0    1 x_24], [0 0 1 0 0]
[0 0 0 1 0]
[0 0 0 0 1])
Nope! w/ p
[0, 1, 1, 1, 3, 3, 1, 5, 8, 2, 5, 1, 2, 5, 5, 2, 1, 2, 1]
([   1 x_00], [   1 x_10], [   1    0 x_20 x_21    0]
[   0    1 x_22 x_23    0]
[   0    0    0    0    1], [   1    0    0 x_30 x_31]
[   0    1    0 x_32 x_33]
[   0    0    1 x_34 x_35])
Nope! w/ p
[0, 1, 1, 1, 3, 3, 1, 5, 8, 2, 5, 1, 2, 5, 5, 2, 1, 2, 1]
([   1 x_00], [   1 x_10], [   1    0 x_20 x_21    0]
[   0    1 x_22 x_23    0]
[   0    0    0    0    1], [   1    0 x_30    0 x_31]
[   0    1 x_32    0 x_33]
[   0    0    0    1 x_34])
Nope! w/ p
[0, 1, 1, 1, 3, 3, 1, 5, 8, 2, 5, 1, 2, 5, 5, 2, 1, 2, 1]
([   1 x_00], [   1 x_10], [   1    0 x_20 x_21    0]
[   0    1 x_22 x_23    0]
[   0    0    0    0    1], [   1    0 x_30 x_31    0]
[   0    1 x_32 x_33    0]
[   0    0    0    0    1])
Nope! w/ p
[0, 1, 1, 1, 3, 3, 1, 5, 8, 2, 5, 1, 2, 5, 5, 2, 1, 2, 1]
([   1 x_00], [   1 x_10], [   1    0 x_20 x_21    0]
[   0    1 x_22 x_23    0]
[   0    0    0    0    1], [   1 x_30    0    0 x_31]
[   0    0    1    0 x_32]
[   0    0    0    1 x_33])
Nope! w/ p
[0, 1, 1, 1, 3, 3, 1, 5, 8, 2, 5, 1, 2, 5, 5, 2, 1, 2, 1]
([   1 x_00], [   1 x_10], [   1    0 x_20 x_21    0]
[   0    1 x_22 x_23    0]
[   0    0    0    0    1], [   1 x_30    0 x_31    0]
[   0    0    1 x_32    0]
[   0    0    0    0    1])
Nope! w/ p
[0, 1, 1, 1, 3, 3, 1, 5, 8, 2, 5, 1, 2, 5, 5, 2, 1, 2, 1]
([   1 x_00], [   1 x_10], [   1    0 x_20 x_21    0]
[   0    1 x_22 x_23    0]
[   0    0    0    0    1], [   1 x_30 x_31    0    0]
[   0    0    0    1    0]
[   0    0    0    0    1])
Nope! w/ p
[0, 1, 1, 1, 3, 3, 1, 5, 8, 2, 5, 1, 2, 5, 5, 2, 1, 2, 1]
([   1 x_00], [   1 x_10], [   1    0 x_20 x_21    0]
[   0    1 x_22 x_23    0]
[   0    0    0    0    1], [   0    1    0    0 x_30]
[   0    0    1    0 x_31]
[   0    0    0    1 x_32])
Nope! w/ p
[0, 1, 1, 1, 3, 3, 1, 5, 8, 2, 5, 1, 2, 5, 5, 2, 1, 2, 1]
([   1 x_00], [   1 x_10], [   1    0 x_20 x_21    0]
[   0    1 x_22 x_23    0]
[   0    0    0    0    1], [   0    1    0 x_30    0]
[   0    0    1 x_31    0]
[   0    0    0    0    1])
Nope! w/ p
[0, 1, 1, 1, 3, 3, 1, 5, 8, 2, 5, 1, 2, 5, 5, 2, 1, 2, 1]
([   1 x_00], [   1 x_10], [   1    0 x_20 x_21    0]
[   0    1 x_22 x_23    0]
[   0    0    0    0    1], [   0    1 x_30    0    0]
[   0    0    0    1    0]
[   0    0    0    0    1])
Nope! w/ p
[0, 1, 1, 1, 3, 3, 1, 5, 8, 2, 5, 1, 2, 5, 5, 2, 1, 2, 1]
([   1 x_00], [   1 x_10], [   1    0 x_20 x_21    0]
[   0    1 x_22 x_23    0]
[   0    0    0    0    1], [0 0 1 0 0]
[0 0 0 1 0]
[0 0 0 0 1])
Nope! w/ p
[0, 1, 1, 1, 3, 3, 1, 5, 8, 2, 5, 1, 2, 5, 5, 2, 1, 2, 1]
([   1 x_00], [   1 x_10], [   1 x_20    0    0 x_21]
[   0    0    1    0 x_22]
[   0    0    0    1 x_23], [   1    0    0 x_30 x_31]
[   0    1    0 x_32 x_33]
[   0    0    1 x_34 x_35])
Nope! w/ p
[0, 1, 1, 1, 3, 3, 1, 5, 8, 2, 5, 1, 2, 5, 5, 2, 1, 2, 1]
([   1 x_00], [   1 x_10], [   1 x_20    0    0 x_21]
[   0    0    1    0 x_22]
[   0    0    0    1 x_23], [   1    0 x_30    0 x_31]
[   0    1 x_32    0 x_33]
[   0    0    0    1 x_34])
Nope! w/ p
[0, 1, 1, 1, 3, 3, 1, 5, 8, 2, 5, 1, 2, 5, 5, 2, 1, 2, 1]
([   1 x_00], [   1 x_10], [   1 x_20    0    0 x_21]
[   0    0    1    0 x_22]
[   0    0    0    1 x_23], [   1    0 x_30 x_31    0]
[   0    1 x_32 x_33    0]
[   0    0    0    0    1])
Nope! w/ p
[0, 1, 1, 1, 3, 3, 1, 5, 8, 2, 5, 1, 2, 5, 5, 2, 1, 2, 1]
([   1 x_00], [   1 x_10], [   1 x_20    0    0 x_21]
[   0    0    1    0 x_22]
[   0    0    0    1 x_23], [   1 x_30    0    0 x_31]
[   0    0    1    0 x_32]
[   0    0    0    1 x_33])
Nope! w/ p
[0, 1, 1, 1, 3, 3, 1, 5, 8, 2, 5, 1, 2, 5, 5, 2, 1, 2, 1]
([   1 x_00], [   1 x_10], [   1 x_20    0    0 x_21]
[   0    0    1    0 x_22]
[   0    0    0    1 x_23], [   1 x_30    0 x_31    0]
[   0    0    1 x_32    0]
[   0    0    0    0    1])
Nope! w/ p
[0, 1, 1, 1, 3, 3, 1, 5, 8, 2, 5, 1, 2, 5, 5, 2, 1, 2, 1]
([   1 x_00], [   1 x_10], [   1 x_20    0    0 x_21]
[   0    0    1    0 x_22]
[   0    0    0    1 x_23], [   1 x_30 x_31    0    0]
[   0    0    0    1    0]
[   0    0    0    0    1])
Nope! w/ p
[0, 1, 1, 1, 3, 3, 1, 5, 8, 2, 5, 1, 2, 5, 5, 2, 1, 2, 1]
([   1 x_00], [   1 x_10], [   1 x_20    0    0 x_21]
[   0    0    1    0 x_22]
[   0    0    0    1 x_23], [   0    1    0    0 x_30]
[   0    0    1    0 x_31]
[   0    0    0    1 x_32])
Nope! w/ p
[0, 1, 1, 1, 3, 3, 1, 5, 8, 2, 5, 1, 2, 5, 5, 2, 1, 2, 1]
([   1 x_00], [   1 x_10], [   1 x_20    0    0 x_21]
[   0    0    1    0 x_22]
[   0    0    0    1 x_23], [   0    1    0 x_30    0]
[   0    0    1 x_31    0]
[   0    0    0    0    1])
Nope! w/ p
[0, 1, 1, 1, 3, 3, 1, 5, 8, 2, 5, 1, 2, 5, 5, 2, 1, 2, 1]
([   1 x_00], [   1 x_10], [   1 x_20    0    0 x_21]
[   0    0    1    0 x_22]
[   0    0    0    1 x_23], [   0    1 x_30    0    0]
[   0    0    0    1    0]
[   0    0    0    0    1])
Nope! w/ p
[0, 1, 1, 1, 3, 3, 1, 5, 8, 2, 5, 1, 2, 5, 5, 2, 1, 2, 1]
([   1 x_00], [   1 x_10], [   1 x_20    0    0 x_21]
[   0    0    1    0 x_22]
[   0    0    0    1 x_23], [0 0 1 0 0]
[0 0 0 1 0]
[0 0 0 0 1])
Nope! w/ p
[0, 1, 1, 1, 3, 3, 1, 5, 8, 2, 5, 1, 2, 5, 5, 2, 1, 2, 1]
([   1 x_00], [   1 x_10], [   1 x_20    0 x_21    0]
[   0    0    1 x_22    0]
[   0    0    0    0    1], [   1    0    0 x_30 x_31]
[   0    1    0 x_32 x_33]
[   0    0    1 x_34 x_35])
Nope! w/ p
[0, 1, 1, 1, 3, 3, 1, 5, 8, 2, 5, 1, 2, 5, 5, 2, 1, 2, 1]
([   1 x_00], [   1 x_10], [   1 x_20    0 x_21    0]
[   0    0    1 x_22    0]
[   0    0    0    0    1], [   1    0 x_30    0 x_31]
[   0    1 x_32    0 x_33]
[   0    0    0    1 x_34])
Nope! w/ p
[0, 1, 1, 1, 3, 3, 1, 5, 8, 2, 5, 1, 2, 5, 5, 2, 1, 2, 1]
([   1 x_00], [   1 x_10], [   1 x_20    0 x_21    0]
[   0    0    1 x_22    0]
[   0    0    0    0    1], [   1    0 x_30 x_31    0]
[   0    1 x_32 x_33    0]
[   0    0    0    0    1])
Nope! w/ p
[0, 1, 1, 1, 3, 3, 1, 5, 8, 2, 5, 1, 2, 5, 5, 2, 1, 2, 1]
([   1 x_00], [   1 x_10], [   1 x_20    0 x_21    0]
[   0    0    1 x_22    0]
[   0    0    0    0    1], [   1 x_30    0    0 x_31]
[   0    0    1    0 x_32]
[   0    0    0    1 x_33])
Nope! w/ p
[0, 1, 1, 1, 3, 3, 1, 5, 8, 2, 5, 1, 2, 5, 5, 2, 1, 2, 1]
([   1 x_00], [   1 x_10], [   1 x_20    0 x_21    0]
[   0    0    1 x_22    0]
[   0    0    0    0    1], [   1 x_30    0 x_31    0]
[   0    0    1 x_32    0]
[   0    0    0    0    1])
Nope! w/ p
[0, 1, 1, 1, 3, 3, 1, 5, 8, 2, 5, 1, 2, 5, 5, 2, 1, 2, 1]
([   1 x_00], [   1 x_10], [   1 x_20    0 x_21    0]
[   0    0    1 x_22    0]
[   0    0    0    0    1], [   1 x_30 x_31    0    0]
[   0    0    0    1    0]
[   0    0    0    0    1])
Nope! w/ p
[0, 1, 1, 1, 3, 3, 1, 5, 8, 2, 5, 1, 2, 5, 5, 2, 1, 2, 1]
([   1 x_00], [   1 x_10], [   1 x_20    0 x_21    0]
[   0    0    1 x_22    0]
[   0    0    0    0    1], [   0    1    0    0 x_30]
[   0    0    1    0 x_31]
[   0    0    0    1 x_32])
Nope! w/ p
[0, 1, 1, 1, 3, 3, 1, 5, 8, 2, 5, 1, 2, 5, 5, 2, 1, 2, 1]
([   1 x_00], [   1 x_10], [   1 x_20    0 x_21    0]
[   0    0    1 x_22    0]
[   0    0    0    0    1], [   0    1    0 x_30    0]
[   0    0    1 x_31    0]
[   0    0    0    0    1])
Nope! w/ p
[0, 1, 1, 1, 3, 3, 1, 5, 8, 2, 5, 1, 2, 5, 5, 2, 1, 2, 1]
([   1 x_00], [   1 x_10], [   1 x_20    0 x_21    0]
[   0    0    1 x_22    0]
[   0    0    0    0    1], [   0    1 x_30    0    0]
[   0    0    0    1    0]
[   0    0    0    0    1])
Nope! w/ p
[0, 1, 1, 1, 3, 3, 1, 5, 8, 2, 5, 1, 2, 5, 5, 2, 1, 2, 1]
([   1 x_00], [   1 x_10], [   1 x_20    0 x_21    0]
[   0    0    1 x_22    0]
[   0    0    0    0    1], [0 0 1 0 0]
[0 0 0 1 0]
[0 0 0 0 1])
Nope! w/ p
[0, 1, 1, 1, 3, 3, 1, 5, 8, 2, 5, 1, 2, 5, 5, 2, 1, 2, 1]
([   1 x_00], [   1 x_10], [   1 x_20 x_21    0    0]
[   0    0    0    1    0]
[   0    0    0    0    1], [   1    0    0 x_30 x_31]
[   0    1    0 x_32 x_33]
[   0    0    1 x_34 x_35])
Nope! w/ p
[0, 1, 1, 1, 3, 3, 1, 5, 8, 2, 5, 1, 2, 5, 5, 2, 1, 2, 1]
([   1 x_00], [   1 x_10], [   1 x_20 x_21    0    0]
[   0    0    0    1    0]
[   0    0    0    0    1], [   1    0 x_30    0 x_31]
[   0    1 x_32    0 x_33]
[   0    0    0    1 x_34])
Nope! w/ p
[0, 1, 1, 1, 3, 3, 1, 5, 8, 2, 5, 1, 2, 5, 5, 2, 1, 2, 1]
([   1 x_00], [   1 x_10], [   1 x_20 x_21    0    0]
[   0    0    0    1    0]
[   0    0    0    0    1], [   1    0 x_30 x_31    0]
[   0    1 x_32 x_33    0]
[   0    0    0    0    1])
Nope! w/ p
[0, 1, 1, 1, 3, 3, 1, 5, 8, 2, 5, 1, 2, 5, 5, 2, 1, 2, 1]
([   1 x_00], [   1 x_10], [   1 x_20 x_21    0    0]
[   0    0    0    1    0]
[   0    0    0    0    1], [   1 x_30    0    0 x_31]
[   0    0    1    0 x_32]
[   0    0    0    1 x_33])
Nope! w/ p
[0, 1, 1, 1, 3, 3, 1, 5, 8, 2, 5, 1, 2, 5, 5, 2, 1, 2, 1]
([   1 x_00], [   1 x_10], [   1 x_20 x_21    0    0]
[   0    0    0    1    0]
[   0    0    0    0    1], [   1 x_30    0 x_31    0]
[   0    0    1 x_32    0]
[   0    0    0    0    1])
Nope! w/ p
[0, 1, 1, 1, 3, 3, 1, 5, 8, 2, 5, 1, 2, 5, 5, 2, 1, 2, 1]
([   1 x_00], [   1 x_10], [   1 x_20 x_21    0    0]
[   0    0    0    1    0]
[   0    0    0    0    1], [   1 x_30 x_31    0    0]
[   0    0    0    1    0]
[   0    0    0    0    1])
Nope! w/ p
[0, 1, 1, 1, 3, 3, 1, 5, 8, 2, 5, 1, 2, 5, 5, 2, 1, 2, 1]
([   1 x_00], [   1 x_10], [   1 x_20 x_21    0    0]
[   0    0    0    1    0]
[   0    0    0    0    1], [   0    1    0    0 x_30]
[   0    0    1    0 x_31]
[   0    0    0    1 x_32])
Nope! w/ p
[0, 1, 1, 1, 3, 3, 1, 5, 8, 2, 5, 1, 2, 5, 5, 2, 1, 2, 1]
([   1 x_00], [   1 x_10], [   1 x_20 x_21    0    0]
[   0    0    0    1    0]
[   0    0    0    0    1], [   0    1    0 x_30    0]
[   0    0    1 x_31    0]
[   0    0    0    0    1])
Nope! w/ p
[0, 1, 1, 1, 3, 3, 1, 5, 8, 2, 5, 1, 2, 5, 5, 2, 1, 2, 1]
([   1 x_00], [   1 x_10], [   1 x_20 x_21    0    0]
[   0    0    0    1    0]
[   0    0    0    0    1], [   0    1 x_30    0    0]
[   0    0    0    1    0]
[   0    0    0    0    1])
Nope! w/ p
[0, 1, 1, 1, 3, 3, 1, 5, 8, 2, 5, 1, 2, 5, 5, 2, 1, 2, 1]
([   1 x_00], [   1 x_10], [   1 x_20 x_21    0    0]
[   0    0    0    1    0]
[   0    0    0    0    1], [0 0 1 0 0]
[0 0 0 1 0]
[0 0 0 0 1])
Nope! w/ p
[0, 1, 1, 1, 3, 3, 1, 5, 8, 2, 5, 1, 2, 5, 5, 2, 1, 2, 1]
([   1 x_00], [   1 x_10], [   0    1    0    0 x_20]
[   0    0    1    0 x_21]
[   0    0    0    1 x_22], [   1    0    0 x_30 x_31]
[   0    1    0 x_32 x_33]
[   0    0    1 x_34 x_35])
Nope! w/ p
[0, 1, 1, 1, 3, 3, 1, 5, 8, 2, 5, 1, 2, 5, 5, 2, 1, 2, 1]
([   1 x_00], [   1 x_10], [   0    1    0    0 x_20]
[   0    0    1    0 x_21]
[   0    0    0    1 x_22], [   1    0 x_30    0 x_31]
[   0    1 x_32    0 x_33]
[   0    0    0    1 x_34])
Nope! w/ p
[0, 1, 1, 1, 3, 3, 1, 5, 8, 2, 5, 1, 2, 5, 5, 2, 1, 2, 1]
([   1 x_00], [   1 x_10], [   0    1    0    0 x_20]
[   0    0    1    0 x_21]
[   0    0    0    1 x_22], [   1    0 x_30 x_31    0]
[   0    1 x_32 x_33    0]
[   0    0    0    0    1])
Nope! w/ p
[0, 1, 1, 1, 3, 3, 1, 5, 8, 2, 5, 1, 2, 5, 5, 2, 1, 2, 1]
([   1 x_00], [   1 x_10], [   0    1    0    0 x_20]
[   0    0    1    0 x_21]
[   0    0    0    1 x_22], [   1 x_30    0    0 x_31]
[   0    0    1    0 x_32]
[   0    0    0    1 x_33])
Nope! w/ p
[0, 1, 1, 1, 3, 3, 1, 5, 8, 2, 5, 1, 2, 5, 5, 2, 1, 2, 1]
([   1 x_00], [   1 x_10], [   0    1    0    0 x_20]
[   0    0    1    0 x_21]
[   0    0    0    1 x_22], [   1 x_30    0 x_31    0]
[   0    0    1 x_32    0]
[   0    0    0    0    1])
Nope! w/ p
[0, 1, 1, 1, 3, 3, 1, 5, 8, 2, 5, 1, 2, 5, 5, 2, 1, 2, 1]
([   1 x_00], [   1 x_10], [   0    1    0    0 x_20]
[   0    0    1    0 x_21]
[   0    0    0    1 x_22], [   1 x_30 x_31    0    0]
[   0    0    0    1    0]
[   0    0    0    0    1])
Nope! w/ p
[0, 1, 1, 1, 3, 3, 1, 5, 8, 2, 5, 1, 2, 5, 5, 2, 1, 2, 1]
([   1 x_00], [   1 x_10], [   0    1    0    0 x_20]
[   0    0    1    0 x_21]
[   0    0    0    1 x_22], [   0    1    0    0 x_30]
[   0    0    1    0 x_31]
[   0    0    0    1 x_32])
Nope! w/ p
[0, 1, 1, 1, 3, 3, 1, 5, 8, 2, 5, 1, 2, 5, 5, 2, 1, 2, 1]
([   1 x_00], [   1 x_10], [   0    1    0    0 x_20]
[   0    0    1    0 x_21]
[   0    0    0    1 x_22], [   0    1    0 x_30    0]
[   0    0    1 x_31    0]
[   0    0    0    0    1])
Nope! w/ p
[0, 1, 1, 1, 3, 3, 1, 5, 8, 2, 5, 1, 2, 5, 5, 2, 1, 2, 1]
([   1 x_00], [   1 x_10], [   0    1    0    0 x_20]
[   0    0    1    0 x_21]
[   0    0    0    1 x_22], [   0    1 x_30    0    0]
[   0    0    0    1    0]
[   0    0    0    0    1])
Nope! w/ p
[0, 1, 1, 1, 3, 3, 1, 5, 8, 2, 5, 1, 2, 5, 5, 2, 1, 2, 1]
([   1 x_00], [   1 x_10], [   0    1    0    0 x_20]
[   0    0    1    0 x_21]
[   0    0    0    1 x_22], [0 0 1 0 0]
[0 0 0 1 0]
[0 0 0 0 1])
Nope! w/ p
[0, 1, 1, 1, 3, 3, 1, 5, 8, 2, 5, 1, 2, 5, 5, 2, 1, 2, 1]
([   1 x_00], [   1 x_10], [   0    1    0 x_20    0]
[   0    0    1 x_21    0]
[   0    0    0    0    1], [   1    0    0 x_30 x_31]
[   0    1    0 x_32 x_33]
[   0    0    1 x_34 x_35])
Nope! w/ p
[0, 1, 1, 1, 3, 3, 1, 5, 8, 2, 5, 1, 2, 5, 5, 2, 1, 2, 1]
([   1 x_00], [   1 x_10], [   0    1    0 x_20    0]
[   0    0    1 x_21    0]
[   0    0    0    0    1], [   1    0 x_30    0 x_31]
[   0    1 x_32    0 x_33]
[   0    0    0    1 x_34])
Nope! w/ p
[0, 1, 1, 1, 3, 3, 1, 5, 8, 2, 5, 1, 2, 5, 5, 2, 1, 2, 1]
([   1 x_00], [   1 x_10], [   0    1    0 x_20    0]
[   0    0    1 x_21    0]
[   0    0    0    0    1], [   1    0 x_30 x_31    0]
[   0    1 x_32 x_33    0]
[   0    0    0    0    1])
Nope! w/ p
[0, 1, 1, 1, 3, 3, 1, 5, 8, 2, 5, 1, 2, 5, 5, 2, 1, 2, 1]
([   1 x_00], [   1 x_10], [   0    1    0 x_20    0]
[   0    0    1 x_21    0]
[   0    0    0    0    1], [   1 x_30    0    0 x_31]
[   0    0    1    0 x_32]
[   0    0    0    1 x_33])
Nope! w/ p
[0, 1, 1, 1, 3, 3, 1, 5, 8, 2, 5, 1, 2, 5, 5, 2, 1, 2, 1]
([   1 x_00], [   1 x_10], [   0    1    0 x_20    0]
[   0    0    1 x_21    0]
[   0    0    0    0    1], [   1 x_30    0 x_31    0]
[   0    0    1 x_32    0]
[   0    0    0    0    1])
Nope! w/ p
[0, 1, 1, 1, 3, 3, 1, 5, 8, 2, 5, 1, 2, 5, 5, 2, 1, 2, 1]
([   1 x_00], [   1 x_10], [   0    1    0 x_20    0]
[   0    0    1 x_21    0]
[   0    0    0    0    1], [   1 x_30 x_31    0    0]
[   0    0    0    1    0]
[   0    0    0    0    1])
Nope! w/ p
[0, 1, 1, 1, 3, 3, 1, 5, 8, 2, 5, 1, 2, 5, 5, 2, 1, 2, 1]
([   1 x_00], [   1 x_10], [   0    1    0 x_20    0]
[   0    0    1 x_21    0]
[   0    0    0    0    1], [   0    1    0    0 x_30]
[   0    0    1    0 x_31]
[   0    0    0    1 x_32])
Nope! w/ p
[0, 1, 1, 1, 3, 3, 1, 5, 8, 2, 5, 1, 2, 5, 5, 2, 1, 2, 1]
([   1 x_00], [   1 x_10], [   0    1    0 x_20    0]
[   0    0    1 x_21    0]
[   0    0    0    0    1], [   0    1    0 x_30    0]
[   0    0    1 x_31    0]
[   0    0    0    0    1])
Nope! w/ p
[0, 1, 1, 1, 3, 3, 1, 5, 8, 2, 5, 1, 2, 5, 5, 2, 1, 2, 1]
([   1 x_00], [   1 x_10], [   0    1    0 x_20    0]
[   0    0    1 x_21    0]
[   0    0    0    0    1], [   0    1 x_30    0    0]
[   0    0    0    1    0]
[   0    0    0    0    1])
Nope! w/ p
[0, 1, 1, 1, 3, 3, 1, 5, 8, 2, 5, 1, 2, 5, 5, 2, 1, 2, 1]
([   1 x_00], [   1 x_10], [   0    1    0 x_20    0]
[   0    0    1 x_21    0]
[   0    0    0    0    1], [0 0 1 0 0]
[0 0 0 1 0]
[0 0 0 0 1])
Nope! w/ p
[0, 1, 1, 1, 3, 3, 1, 5, 8, 2, 5, 1, 2, 5, 5, 2, 1, 2, 1]
([   1 x_00], [   1 x_10], [   0    1 x_20    0    0]
[   0    0    0    1    0]
[   0    0    0    0    1], [   1    0    0 x_30 x_31]
[   0    1    0 x_32 x_33]
[   0    0    1 x_34 x_35])
Nope! w/ p
[0, 1, 1, 1, 3, 3, 1, 5, 8, 2, 5, 1, 2, 5, 5, 2, 1, 2, 1]
([   1 x_00], [   1 x_10], [   0    1 x_20    0    0]
[   0    0    0    1    0]
[   0    0    0    0    1], [   1    0 x_30    0 x_31]
[   0    1 x_32    0 x_33]
[   0    0    0    1 x_34])
Nope! w/ p
[0, 1, 1, 1, 3, 3, 1, 5, 8, 2, 5, 1, 2, 5, 5, 2, 1, 2, 1]
([   1 x_00], [   1 x_10], [   0    1 x_20    0    0]
[   0    0    0    1    0]
[   0    0    0    0    1], [   1    0 x_30 x_31    0]
[   0    1 x_32 x_33    0]
[   0    0    0    0    1])
Nope! w/ p
[0, 1, 1, 1, 3, 3, 1, 5, 8, 2, 5, 1, 2, 5, 5, 2, 1, 2, 1]
([   1 x_00], [   1 x_10], [   0    1 x_20    0    0]
[   0    0    0    1    0]
[   0    0    0    0    1], [   1 x_30    0    0 x_31]
[   0    0    1    0 x_32]
[   0    0    0    1 x_33])
Nope! w/ p
[0, 1, 1, 1, 3, 3, 1, 5, 8, 2, 5, 1, 2, 5, 5, 2, 1, 2, 1]
([   1 x_00], [   1 x_10], [   0    1 x_20    0    0]
[   0    0    0    1    0]
[   0    0    0    0    1], [   1 x_30    0 x_31    0]
[   0    0    1 x_32    0]
[   0    0    0    0    1])
Nope! w/ p
[0, 1, 1, 1, 3, 3, 1, 5, 8, 2, 5, 1, 2, 5, 5, 2, 1, 2, 1]
([   1 x_00], [   1 x_10], [   0    1 x_20    0    0]
[   0    0    0    1    0]
[   0    0    0    0    1], [   1 x_30 x_31    0    0]
[   0    0    0    1    0]
[   0    0    0    0    1])
Nope! w/ p
[0, 1, 1, 1, 3, 3, 1, 5, 8, 2, 5, 1, 2, 5, 5, 2, 1, 2, 1]
([   1 x_00], [   1 x_10], [   0    1 x_20    0    0]
[   0    0    0    1    0]
[   0    0    0    0    1], [   0    1    0    0 x_30]
[   0    0    1    0 x_31]
[   0    0    0    1 x_32])
Nope! w/ p
[0, 1, 1, 1, 3, 3, 1, 5, 8, 2, 5, 1, 2, 5, 5, 2, 1, 2, 1]
([   1 x_00], [   1 x_10], [   0    1 x_20    0    0]
[   0    0    0    1    0]
[   0    0    0    0    1], [   0    1    0 x_30    0]
[   0    0    1 x_31    0]
[   0    0    0    0    1])
Nope! w/ p
[0, 1, 1, 1, 3, 3, 1, 5, 8, 2, 5, 1, 2, 5, 5, 2, 1, 2, 1]
([   1 x_00], [   1 x_10], [   0    1 x_20    0    0]
[   0    0    0    1    0]
[   0    0    0    0    1], [   0    1 x_30    0    0]
[   0    0    0    1    0]
[   0    0    0    0    1])
Nope! w/ p
[0, 1, 1, 1, 3, 3, 1, 5, 8, 2, 5, 1, 2, 5, 5, 2, 1, 2, 1]
([   1 x_00], [   1 x_10], [   0    1 x_20    0    0]
[   0    0    0    1    0]
[   0    0    0    0    1], [0 0 1 0 0]
[0 0 0 1 0]
[0 0 0 0 1])
Nope! w/ p
[0, 1, 1, 1, 3, 3, 1, 5, 8, 2, 5, 1, 2, 5, 5, 2, 1, 2, 1]
([   1 x_00], [   1 x_10], [0 0 1 0 0]
[0 0 0 1 0]
[0 0 0 0 1], [   1    0    0 x_30 x_31]
[   0    1    0 x_32 x_33]
[   0    0    1 x_34 x_35])
Nope! w/ p
[0, 1, 1, 1, 3, 3, 1, 5, 8, 2, 5, 1, 2, 5, 5, 2, 1, 2, 1]
([   1 x_00], [   1 x_10], [0 0 1 0 0]
[0 0 0 1 0]
[0 0 0 0 1], [   1    0 x_30    0 x_31]
[   0    1 x_32    0 x_33]
[   0    0    0    1 x_34])
Nope! w/ p
[0, 1, 1, 1, 3, 3, 1, 5, 8, 2, 5, 1, 2, 5, 5, 2, 1, 2, 1]
([   1 x_00], [   1 x_10], [0 0 1 0 0]
[0 0 0 1 0]
[0 0 0 0 1], [   1    0 x_30 x_31    0]
[   0    1 x_32 x_33    0]
[   0    0    0    0    1])
Nope! w/ p
[0, 1, 1, 1, 3, 3, 1, 5, 8, 2, 5, 1, 2, 5, 5, 2, 1, 2, 1]
([   1 x_00], [   1 x_10], [0 0 1 0 0]
[0 0 0 1 0]
[0 0 0 0 1], [   1 x_30    0    0 x_31]
[   0    0    1    0 x_32]
[   0    0    0    1 x_33])
Nope! w/ p
[0, 1, 1, 1, 3, 3, 1, 5, 8, 2, 5, 1, 2, 5, 5, 2, 1, 2, 1]
([   1 x_00], [   1 x_10], [0 0 1 0 0]
[0 0 0 1 0]
[0 0 0 0 1], [   1 x_30    0 x_31    0]
[   0    0    1 x_32    0]
[   0    0    0    0    1])
Nope! w/ p
[0, 1, 1, 1, 3, 3, 1, 5, 8, 2, 5, 1, 2, 5, 5, 2, 1, 2, 1]
([   1 x_00], [   1 x_10], [0 0 1 0 0]
[0 0 0 1 0]
[0 0 0 0 1], [   1 x_30 x_31    0    0]
[   0    0    0    1    0]
[   0    0    0    0    1])
Nope! w/ p
[0, 1, 1, 1, 3, 3, 1, 5, 8, 2, 5, 1, 2, 5, 5, 2, 1, 2, 1]
([   1 x_00], [   1 x_10], [0 0 1 0 0]
[0 0 0 1 0]
[0 0 0 0 1], [   0    1    0    0 x_30]
[   0    0    1    0 x_31]
[   0    0    0    1 x_32])
Nope! w/ p
[0, 1, 1, 1, 3, 3, 1, 5, 8, 2, 5, 1, 2, 5, 5, 2, 1, 2, 1]
([   1 x_00], [   1 x_10], [0 0 1 0 0]
[0 0 0 1 0]
[0 0 0 0 1], [   0    1    0 x_30    0]
[   0    0    1 x_31    0]
[   0    0    0    0    1])
Nope! w/ p
[0, 1, 1, 1, 3, 3, 1, 5, 8, 2, 5, 1, 2, 5, 5, 2, 1, 2, 1]
([   1 x_00], [   1 x_10], [0 0 1 0 0]
[0 0 0 1 0]
[0 0 0 0 1], [   0    1 x_30    0    0]
[   0    0    0    1    0]
[   0    0    0    0    1])
Nope! w/ p
[0, 1, 1, 1, 3, 3, 1, 5, 8, 2, 5, 1, 2, 5, 5, 2, 1, 2, 1]
([   1 x_00], [   1 x_10], [0 0 1 0 0]
[0 0 0 1 0]
[0 0 0 0 1], [0 0 1 0 0]
[0 0 0 1 0]
[0 0 0 0 1])
Nope! w/ p
[0, 1, 1, 1, 3, 3, 1, 5, 8, 2, 5, 1, 2, 5, 5, 2, 1, 2, 1]
([   1 x_00], [0 1], [   1    0    0 x_20 x_21]
[   0    1    0 x_22 x_23]
[   0    0    1 x_24 x_25], [   1    0    0 x_30 x_31]
[   0    1    0 x_32 x_33]
[   0    0    1 x_34 x_35])
Nope! w/ p
[0, 1, 1, 1, 3, 3, 1, 5, 8, 2, 5, 1, 2, 5, 5, 2, 1, 2, 1]
([   1 x_00], [0 1], [   1    0    0 x_20 x_21]
[   0    1    0 x_22 x_23]
[   0    0    1 x_24 x_25], [   1    0 x_30    0 x_31]
[   0    1 x_32    0 x_33]
[   0    0    0    1 x_34])
Nope! w/ p
[0, 1, 1, 1, 3, 3, 1, 5, 8, 2, 5, 1, 2, 5, 5, 2, 1, 2, 1]
([   1 x_00], [0 1], [   1    0    0 x_20 x_21]
[   0    1    0 x_22 x_23]
[   0    0    1 x_24 x_25], [   1    0 x_30 x_31    0]
[   0    1 x_32 x_33    0]
[   0    0    0    0    1])
Nope! w/ p
[0, 1, 1, 1, 3, 3, 1, 5, 8, 2, 5, 1, 2, 5, 5, 2, 1, 2, 1]
([   1 x_00], [0 1], [   1    0    0 x_20 x_21]
[   0    1    0 x_22 x_23]
[   0    0    1 x_24 x_25], [   1 x_30    0    0 x_31]
[   0    0    1    0 x_32]
[   0    0    0    1 x_33])
Nope! w/ p
[0, 1, 1, 1, 3, 3, 1, 5, 8, 2, 5, 1, 2, 5, 5, 2, 1, 2, 1]
([   1 x_00], [0 1], [   1    0    0 x_20 x_21]
[   0    1    0 x_22 x_23]
[   0    0    1 x_24 x_25], [   1 x_30    0 x_31    0]
[   0    0    1 x_32    0]
[   0    0    0    0    1])
Nope! w/ p
[0, 1, 1, 1, 3, 3, 1, 5, 8, 2, 5, 1, 2, 5, 5, 2, 1, 2, 1]
([   1 x_00], [0 1], [   1    0    0 x_20 x_21]
[   0    1    0 x_22 x_23]
[   0    0    1 x_24 x_25], [   1 x_30 x_31    0    0]
[   0    0    0    1    0]
[   0    0    0    0    1])
Nope! w/ p
[0, 1, 1, 1, 3, 3, 1, 5, 8, 2, 5, 1, 2, 5, 5, 2, 1, 2, 1]
([   1 x_00], [0 1], [   1    0    0 x_20 x_21]
[   0    1    0 x_22 x_23]
[   0    0    1 x_24 x_25], [   0    1    0    0 x_30]
[   0    0    1    0 x_31]
[   0    0    0    1 x_32])
Nope! w/ p
[0, 1, 1, 1, 3, 3, 1, 5, 8, 2, 5, 1, 2, 5, 5, 2, 1, 2, 1]
([   1 x_00], [0 1], [   1    0    0 x_20 x_21]
[   0    1    0 x_22 x_23]
[   0    0    1 x_24 x_25], [   0    1    0 x_30    0]
[   0    0    1 x_31    0]
[   0    0    0    0    1])
Nope! w/ p
[0, 1, 1, 1, 3, 3, 1, 5, 8, 2, 5, 1, 2, 5, 5, 2, 1, 2, 1]
([   1 x_00], [0 1], [   1    0    0 x_20 x_21]
[   0    1    0 x_22 x_23]
[   0    0    1 x_24 x_25], [   0    1 x_30    0    0]
[   0    0    0    1    0]
[   0    0    0    0    1])
Nope! w/ p
[0, 1, 1, 1, 3, 3, 1, 5, 8, 2, 5, 1, 2, 5, 5, 2, 1, 2, 1]
([   1 x_00], [0 1], [   1    0    0 x_20 x_21]
[   0    1    0 x_22 x_23]
[   0    0    1 x_24 x_25], [0 0 1 0 0]
[0 0 0 1 0]
[0 0 0 0 1])
Nope! w/ p
[0, 1, 1, 1, 3, 3, 1, 5, 8, 2, 5, 1, 2, 5, 5, 2, 1, 2, 1]
([   1 x_00], [0 1], [   1    0 x_20    0 x_21]
[   0    1 x_22    0 x_23]
[   0    0    0    1 x_24], [   1    0    0 x_30 x_31]
[   0    1    0 x_32 x_33]
[   0    0    1 x_34 x_35])
Nope! w/ p
[0, 1, 1, 1, 3, 3, 1, 5, 8, 2, 5, 1, 2, 5, 5, 2, 1, 2, 1]
([   1 x_00], [0 1], [   1    0 x_20    0 x_21]
[   0    1 x_22    0 x_23]
[   0    0    0    1 x_24], [   1    0 x_30    0 x_31]
[   0    1 x_32    0 x_33]
[   0    0    0    1 x_34])
Nope! w/ p
[0, 1, 1, 1, 3, 3, 1, 5, 8, 2, 5, 1, 2, 5, 5, 2, 1, 2, 1]
([   1 x_00], [0 1], [   1    0 x_20    0 x_21]
[   0    1 x_22    0 x_23]
[   0    0    0    1 x_24], [   1    0 x_30 x_31    0]
[   0    1 x_32 x_33    0]
[   0    0    0    0    1])
Nope! w/ p
[0, 1, 1, 1, 3, 3, 1, 5, 8, 2, 5, 1, 2, 5, 5, 2, 1, 2, 1]
([   1 x_00], [0 1], [   1    0 x_20    0 x_21]
[   0    1 x_22    0 x_23]
[   0    0    0    1 x_24], [   1 x_30    0    0 x_31]
[   0    0    1    0 x_32]
[   0    0    0    1 x_33])
Nope! w/ p
[0, 1, 1, 1, 3, 3, 1, 5, 8, 2, 5, 1, 2, 5, 5, 2, 1, 2, 1]
([   1 x_00], [0 1], [   1    0 x_20    0 x_21]
[   0    1 x_22    0 x_23]
[   0    0    0    1 x_24], [   1 x_30    0 x_31    0]
[   0    0    1 x_32    0]
[   0    0    0    0    1])
Nope! w/ p
[0, 1, 1, 1, 3, 3, 1, 5, 8, 2, 5, 1, 2, 5, 5, 2, 1, 2, 1]
([   1 x_00], [0 1], [   1    0 x_20    0 x_21]
[   0    1 x_22    0 x_23]
[   0    0    0    1 x_24], [   1 x_30 x_31    0    0]
[   0    0    0    1    0]
[   0    0    0    0    1])
Nope! w/ p
[0, 1, 1, 1, 3, 3, 1, 5, 8, 2, 5, 1, 2, 5, 5, 2, 1, 2, 1]
([   1 x_00], [0 1], [   1    0 x_20    0 x_21]
[   0    1 x_22    0 x_23]
[   0    0    0    1 x_24], [   0    1    0    0 x_30]
[   0    0    1    0 x_31]
[   0    0    0    1 x_32])
Nope! w/ p
[0, 1, 1, 1, 3, 3, 1, 5, 8, 2, 5, 1, 2, 5, 5, 2, 1, 2, 1]
([   1 x_00], [0 1], [   1    0 x_20    0 x_21]
[   0    1 x_22    0 x_23]
[   0    0    0    1 x_24], [   0    1    0 x_30    0]
[   0    0    1 x_31    0]
[   0    0    0    0    1])
Nope! w/ p
[0, 1, 1, 1, 3, 3, 1, 5, 8, 2, 5, 1, 2, 5, 5, 2, 1, 2, 1]
([   1 x_00], [0 1], [   1    0 x_20    0 x_21]
[   0    1 x_22    0 x_23]
[   0    0    0    1 x_24], [   0    1 x_30    0    0]
[   0    0    0    1    0]
[   0    0    0    0    1])
Nope! w/ p
[0, 1, 1, 1, 3, 3, 1, 5, 8, 2, 5, 1, 2, 5, 5, 2, 1, 2, 1]
([   1 x_00], [0 1], [   1    0 x_20    0 x_21]
[   0    1 x_22    0 x_23]
[   0    0    0    1 x_24], [0 0 1 0 0]
[0 0 0 1 0]
[0 0 0 0 1])
Nope! w/ p
[0, 1, 1, 1, 3, 3, 1, 5, 8, 2, 5, 1, 2, 5, 5, 2, 1, 2, 1]
([   1 x_00], [0 1], [   1    0 x_20 x_21    0]
[   0    1 x_22 x_23    0]
[   0    0    0    0    1], [   1    0    0 x_30 x_31]
[   0    1    0 x_32 x_33]
[   0    0    1 x_34 x_35])
Nope! w/ p
[0, 1, 1, 1, 3, 3, 1, 5, 8, 2, 5, 1, 2, 5, 5, 2, 1, 2, 1]
([   1 x_00], [0 1], [   1    0 x_20 x_21    0]
[   0    1 x_22 x_23    0]
[   0    0    0    0    1], [   1    0 x_30    0 x_31]
[   0    1 x_32    0 x_33]
[   0    0    0    1 x_34])
Nope! w/ p
[0, 1, 1, 1, 3, 3, 1, 5, 8, 2, 5, 1, 2, 5, 5, 2, 1, 2, 1]
([   1 x_00], [0 1], [   1    0 x_20 x_21    0]
[   0    1 x_22 x_23    0]
[   0    0    0    0    1], [   1    0 x_30 x_31    0]
[   0    1 x_32 x_33    0]
[   0    0    0    0    1])
Nope! w/ p
[0, 1, 1, 1, 3, 3, 1, 5, 8, 2, 5, 1, 2, 5, 5, 2, 1, 2, 1]
([   1 x_00], [0 1], [   1    0 x_20 x_21    0]
[   0    1 x_22 x_23    0]
[   0    0    0    0    1], [   1 x_30    0    0 x_31]
[   0    0    1    0 x_32]
[   0    0    0    1 x_33])
Nope! w/ p
[0, 1, 1, 1, 3, 3, 1, 5, 8, 2, 5, 1, 2, 5, 5, 2, 1, 2, 1]
([   1 x_00], [0 1], [   1    0 x_20 x_21    0]
[   0    1 x_22 x_23    0]
[   0    0    0    0    1], [   1 x_30    0 x_31    0]
[   0    0    1 x_32    0]
[   0    0    0    0    1])
Nope! w/ p
[0, 1, 1, 1, 3, 3, 1, 5, 8, 2, 5, 1, 2, 5, 5, 2, 1, 2, 1]
([   1 x_00], [0 1], [   1    0 x_20 x_21    0]
[   0    1 x_22 x_23    0]
[   0    0    0    0    1], [   1 x_30 x_31    0    0]
[   0    0    0    1    0]
[   0    0    0    0    1])
Nope! w/ p
[0, 1, 1, 1, 3, 3, 1, 5, 8, 2, 5, 1, 2, 5, 5, 2, 1, 2, 1]
([   1 x_00], [0 1], [   1    0 x_20 x_21    0]
[   0    1 x_22 x_23    0]
[   0    0    0    0    1], [   0    1    0    0 x_30]
[   0    0    1    0 x_31]
[   0    0    0    1 x_32])
Nope! w/ p
[0, 1, 1, 1, 3, 3, 1, 5, 8, 2, 5, 1, 2, 5, 5, 2, 1, 2, 1]
([   1 x_00], [0 1], [   1    0 x_20 x_21    0]
[   0    1 x_22 x_23    0]
[   0    0    0    0    1], [   0    1    0 x_30    0]
[   0    0    1 x_31    0]
[   0    0    0    0    1])
Nope! w/ p
[0, 1, 1, 1, 3, 3, 1, 5, 8, 2, 5, 1, 2, 5, 5, 2, 1, 2, 1]
([   1 x_00], [0 1], [   1    0 x_20 x_21    0]
[   0    1 x_22 x_23    0]
[   0    0    0    0    1], [   0    1 x_30    0    0]
[   0    0    0    1    0]
[   0    0    0    0    1])
Nope! w/ p
[0, 1, 1, 1, 3, 3, 1, 5, 8, 2, 5, 1, 2, 5, 5, 2, 1, 2, 1]
([   1 x_00], [0 1], [   1    0 x_20 x_21    0]
[   0    1 x_22 x_23    0]
[   0    0    0    0    1], [0 0 1 0 0]
[0 0 0 1 0]
[0 0 0 0 1])
Nope! w/ p
[0, 1, 1, 1, 3, 3, 1, 5, 8, 2, 5, 1, 2, 5, 5, 2, 1, 2, 1]
([   1 x_00], [0 1], [   1 x_20    0    0 x_21]
[   0    0    1    0 x_22]
[   0    0    0    1 x_23], [   1    0    0 x_30 x_31]
[   0    1    0 x_32 x_33]
[   0    0    1 x_34 x_35])
Nope! w/ p
[0, 1, 1, 1, 3, 3, 1, 5, 8, 2, 5, 1, 2, 5, 5, 2, 1, 2, 1]
([   1 x_00], [0 1], [   1 x_20    0    0 x_21]
[   0    0    1    0 x_22]
[   0    0    0    1 x_23], [   1    0 x_30    0 x_31]
[   0    1 x_32    0 x_33]
[   0    0    0    1 x_34])
Nope! w/ p
[0, 1, 1, 1, 3, 3, 1, 5, 8, 2, 5, 1, 2, 5, 5, 2, 1, 2, 1]
([   1 x_00], [0 1], [   1 x_20    0    0 x_21]
[   0    0    1    0 x_22]
[   0    0    0    1 x_23], [   1    0 x_30 x_31    0]
[   0    1 x_32 x_33    0]
[   0    0    0    0    1])
Nope! w/ p
[0, 1, 1, 1, 3, 3, 1, 5, 8, 2, 5, 1, 2, 5, 5, 2, 1, 2, 1]
([   1 x_00], [0 1], [   1 x_20    0    0 x_21]
[   0    0    1    0 x_22]
[   0    0    0    1 x_23], [   1 x_30    0    0 x_31]
[   0    0    1    0 x_32]
[   0    0    0    1 x_33])
Nope! w/ p
[0, 1, 1, 1, 3, 3, 1, 5, 8, 2, 5, 1, 2, 5, 5, 2, 1, 2, 1]
([   1 x_00], [0 1], [   1 x_20    0    0 x_21]
[   0    0    1    0 x_22]
[   0    0    0    1 x_23], [   1 x_30    0 x_31    0]
[   0    0    1 x_32    0]
[   0    0    0    0    1])
Nope! w/ p
[0, 1, 1, 1, 3, 3, 1, 5, 8, 2, 5, 1, 2, 5, 5, 2, 1, 2, 1]
([   1 x_00], [0 1], [   1 x_20    0    0 x_21]
[   0    0    1    0 x_22]
[   0    0    0    1 x_23], [   1 x_30 x_31    0    0]
[   0    0    0    1    0]
[   0    0    0    0    1])
Nope! w/ p
[0, 1, 1, 1, 3, 3, 1, 5, 8, 2, 5, 1, 2, 5, 5, 2, 1, 2, 1]
([   1 x_00], [0 1], [   1 x_20    0    0 x_21]
[   0    0    1    0 x_22]
[   0    0    0    1 x_23], [   0    1    0    0 x_30]
[   0    0    1    0 x_31]
[   0    0    0    1 x_32])
Nope! w/ p
[0, 1, 1, 1, 3, 3, 1, 5, 8, 2, 5, 1, 2, 5, 5, 2, 1, 2, 1]
([   1 x_00], [0 1], [   1 x_20    0    0 x_21]
[   0    0    1    0 x_22]
[   0    0    0    1 x_23], [   0    1    0 x_30    0]
[   0    0    1 x_31    0]
[   0    0    0    0    1])
Nope! w/ p
[0, 1, 1, 1, 3, 3, 1, 5, 8, 2, 5, 1, 2, 5, 5, 2, 1, 2, 1]
([   1 x_00], [0 1], [   1 x_20    0    0 x_21]
[   0    0    1    0 x_22]
[   0    0    0    1 x_23], [   0    1 x_30    0    0]
[   0    0    0    1    0]
[   0    0    0    0    1])
Nope! w/ p
[0, 1, 1, 1, 3, 3, 1, 5, 8, 2, 5, 1, 2, 5, 5, 2, 1, 2, 1]
([   1 x_00], [0 1], [   1 x_20    0    0 x_21]
[   0    0    1    0 x_22]
[   0    0    0    1 x_23], [0 0 1 0 0]
[0 0 0 1 0]
[0 0 0 0 1])
Nope! w/ p
[0, 1, 1, 1, 3, 3, 1, 5, 8, 2, 5, 1, 2, 5, 5, 2, 1, 2, 1]
([   1 x_00], [0 1], [   1 x_20    0 x_21    0]
[   0    0    1 x_22    0]
[   0    0    0    0    1], [   1    0    0 x_30 x_31]
[   0    1    0 x_32 x_33]
[   0    0    1 x_34 x_35])
Nope! w/ p
[0, 1, 1, 1, 3, 3, 1, 5, 8, 2, 5, 1, 2, 5, 5, 2, 1, 2, 1]
([   1 x_00], [0 1], [   1 x_20    0 x_21    0]
[   0    0    1 x_22    0]
[   0    0    0    0    1], [   1    0 x_30    0 x_31]
[   0    1 x_32    0 x_33]
[   0    0    0    1 x_34])
Nope! w/ p
[0, 1, 1, 1, 3, 3, 1, 5, 8, 2, 5, 1, 2, 5, 5, 2, 1, 2, 1]
([   1 x_00], [0 1], [   1 x_20    0 x_21    0]
[   0    0    1 x_22    0]
[   0    0    0    0    1], [   1    0 x_30 x_31    0]
[   0    1 x_32 x_33    0]
[   0    0    0    0    1])
Nope! w/ p
[0, 1, 1, 1, 3, 3, 1, 5, 8, 2, 5, 1, 2, 5, 5, 2, 1, 2, 1]
([   1 x_00], [0 1], [   1 x_20    0 x_21    0]
[   0    0    1 x_22    0]
[   0    0    0    0    1], [   1 x_30    0    0 x_31]
[   0    0    1    0 x_32]
[   0    0    0    1 x_33])
Nope! w/ p
[0, 1, 1, 1, 3, 3, 1, 5, 8, 2, 5, 1, 2, 5, 5, 2, 1, 2, 1]
([   1 x_00], [0 1], [   1 x_20    0 x_21    0]
[   0    0    1 x_22    0]
[   0    0    0    0    1], [   1 x_30    0 x_31    0]
[   0    0    1 x_32    0]
[   0    0    0    0    1])
Nope! w/ p
[0, 1, 1, 1, 3, 3, 1, 5, 8, 2, 5, 1, 2, 5, 5, 2, 1, 2, 1]
([   1 x_00], [0 1], [   1 x_20    0 x_21    0]
[   0    0    1 x_22    0]
[   0    0    0    0    1], [   1 x_30 x_31    0    0]
[   0    0    0    1    0]
[   0    0    0    0    1])
Nope! w/ p
[0, 1, 1, 1, 3, 3, 1, 5, 8, 2, 5, 1, 2, 5, 5, 2, 1, 2, 1]
([   1 x_00], [0 1], [   1 x_20    0 x_21    0]
[   0    0    1 x_22    0]
[   0    0    0    0    1], [   0    1    0    0 x_30]
[   0    0    1    0 x_31]
[   0    0    0    1 x_32])
Nope! w/ p
[0, 1, 1, 1, 3, 3, 1, 5, 8, 2, 5, 1, 2, 5, 5, 2, 1, 2, 1]
([   1 x_00], [0 1], [   1 x_20    0 x_21    0]
[   0    0    1 x_22    0]
[   0    0    0    0    1], [   0    1    0 x_30    0]
[   0    0    1 x_31    0]
[   0    0    0    0    1])
Nope! w/ p
[0, 1, 1, 1, 3, 3, 1, 5, 8, 2, 5, 1, 2, 5, 5, 2, 1, 2, 1]
([   1 x_00], [0 1], [   1 x_20    0 x_21    0]
[   0    0    1 x_22    0]
[   0    0    0    0    1], [   0    1 x_30    0    0]
[   0    0    0    1    0]
[   0    0    0    0    1])
Nope! w/ p
[0, 1, 1, 1, 3, 3, 1, 5, 8, 2, 5, 1, 2, 5, 5, 2, 1, 2, 1]
([   1 x_00], [0 1], [   1 x_20    0 x_21    0]
[   0    0    1 x_22    0]
[   0    0    0    0    1], [0 0 1 0 0]
[0 0 0 1 0]
[0 0 0 0 1])
Nope! w/ p
[0, 1, 1, 1, 3, 3, 1, 5, 8, 2, 5, 1, 2, 5, 5, 2, 1, 2, 1]
([   1 x_00], [0 1], [   1 x_20 x_21    0    0]
[   0    0    0    1    0]
[   0    0    0    0    1], [   1    0    0 x_30 x_31]
[   0    1    0 x_32 x_33]
[   0    0    1 x_34 x_35])
Nope! w/ p
[0, 1, 1, 1, 3, 3, 1, 5, 8, 2, 5, 1, 2, 5, 5, 2, 1, 2, 1]
([   1 x_00], [0 1], [   1 x_20 x_21    0    0]
[   0    0    0    1    0]
[   0    0    0    0    1], [   1    0 x_30    0 x_31]
[   0    1 x_32    0 x_33]
[   0    0    0    1 x_34])
Nope! w/ p
[0, 1, 1, 1, 3, 3, 1, 5, 8, 2, 5, 1, 2, 5, 5, 2, 1, 2, 1]
([   1 x_00], [0 1], [   1 x_20 x_21    0    0]
[   0    0    0    1    0]
[   0    0    0    0    1], [   1    0 x_30 x_31    0]
[   0    1 x_32 x_33    0]
[   0    0    0    0    1])
Nope! w/ p
[0, 1, 1, 1, 3, 3, 1, 5, 8, 2, 5, 1, 2, 5, 5, 2, 1, 2, 1]
([   1 x_00], [0 1], [   1 x_20 x_21    0    0]
[   0    0    0    1    0]
[   0    0    0    0    1], [   1 x_30    0    0 x_31]
[   0    0    1    0 x_32]
[   0    0    0    1 x_33])
Nope! w/ p
[0, 1, 1, 1, 3, 3, 1, 5, 8, 2, 5, 1, 2, 5, 5, 2, 1, 2, 1]
([   1 x_00], [0 1], [   1 x_20 x_21    0    0]
[   0    0    0    1    0]
[   0    0    0    0    1], [   1 x_30    0 x_31    0]
[   0    0    1 x_32    0]
[   0    0    0    0    1])
Nope! w/ p
[0, 1, 1, 1, 3, 3, 1, 5, 8, 2, 5, 1, 2, 5, 5, 2, 1, 2, 1]
([   1 x_00], [0 1], [   1 x_20 x_21    0    0]
[   0    0    0    1    0]
[   0    0    0    0    1], [   1 x_30 x_31    0    0]
[   0    0    0    1    0]
[   0    0    0    0    1])
Nope! w/ p
[0, 1, 1, 1, 3, 3, 1, 5, 8, 2, 5, 1, 2, 5, 5, 2, 1, 2, 1]
([   1 x_00], [0 1], [   1 x_20 x_21    0    0]
[   0    0    0    1    0]
[   0    0    0    0    1], [   0    1    0    0 x_30]
[   0    0    1    0 x_31]
[   0    0    0    1 x_32])
Nope! w/ p
[0, 1, 1, 1, 3, 3, 1, 5, 8, 2, 5, 1, 2, 5, 5, 2, 1, 2, 1]
([   1 x_00], [0 1], [   1 x_20 x_21    0    0]
[   0    0    0    1    0]
[   0    0    0    0    1], [   0    1    0 x_30    0]
[   0    0    1 x_31    0]
[   0    0    0    0    1])
Nope! w/ p
[0, 1, 1, 1, 3, 3, 1, 5, 8, 2, 5, 1, 2, 5, 5, 2, 1, 2, 1]
([   1 x_00], [0 1], [   1 x_20 x_21    0    0]
[   0    0    0    1    0]
[   0    0    0    0    1], [   0    1 x_30    0    0]
[   0    0    0    1    0]
[   0    0    0    0    1])
Nope! w/ p
[0, 1, 1, 1, 3, 3, 1, 5, 8, 2, 5, 1, 2, 5, 5, 2, 1, 2, 1]
([   1 x_00], [0 1], [   1 x_20 x_21    0    0]
[   0    0    0    1    0]
[   0    0    0    0    1], [0 0 1 0 0]
[0 0 0 1 0]
[0 0 0 0 1])
Nope! w/ p
[0, 1, 1, 1, 3, 3, 1, 5, 8, 2, 5, 1, 2, 5, 5, 2, 1, 2, 1]
([   1 x_00], [0 1], [   0    1    0    0 x_20]
[   0    0    1    0 x_21]
[   0    0    0    1 x_22], [   1    0    0 x_30 x_31]
[   0    1    0 x_32 x_33]
[   0    0    1 x_34 x_35])
Nope! w/ p
[0, 1, 1, 1, 3, 3, 1, 5, 8, 2, 5, 1, 2, 5, 5, 2, 1, 2, 1]
([   1 x_00], [0 1], [   0    1    0    0 x_20]
[   0    0    1    0 x_21]
[   0    0    0    1 x_22], [   1    0 x_30    0 x_31]
[   0    1 x_32    0 x_33]
[   0    0    0    1 x_34])
Nope! w/ p
[0, 1, 1, 1, 3, 3, 1, 5, 8, 2, 5, 1, 2, 5, 5, 2, 1, 2, 1]
([   1 x_00], [0 1], [   0    1    0    0 x_20]
[   0    0    1    0 x_21]
[   0    0    0    1 x_22], [   1    0 x_30 x_31    0]
[   0    1 x_32 x_33    0]
[   0    0    0    0    1])
Nope! w/ p
[0, 1, 1, 1, 3, 3, 1, 5, 8, 2, 5, 1, 2, 5, 5, 2, 1, 2, 1]
([   1 x_00], [0 1], [   0    1    0    0 x_20]
[   0    0    1    0 x_21]
[   0    0    0    1 x_22], [   1 x_30    0    0 x_31]
[   0    0    1    0 x_32]
[   0    0    0    1 x_33])
Nope! w/ p
[0, 1, 1, 1, 3, 3, 1, 5, 8, 2, 5, 1, 2, 5, 5, 2, 1, 2, 1]
([   1 x_00], [0 1], [   0    1    0    0 x_20]
[   0    0    1    0 x_21]
[   0    0    0    1 x_22], [   1 x_30    0 x_31    0]
[   0    0    1 x_32    0]
[   0    0    0    0    1])
Nope! w/ p
[0, 1, 1, 1, 3, 3, 1, 5, 8, 2, 5, 1, 2, 5, 5, 2, 1, 2, 1]
([   1 x_00], [0 1], [   0    1    0    0 x_20]
[   0    0    1    0 x_21]
[   0    0    0    1 x_22], [   1 x_30 x_31    0    0]
[   0    0    0    1    0]
[   0    0    0    0    1])
Nope! w/ p
[0, 1, 1, 1, 3, 3, 1, 5, 8, 2, 5, 1, 2, 5, 5, 2, 1, 2, 1]
([   1 x_00], [0 1], [   0    1    0    0 x_20]
[   0    0    1    0 x_21]
[   0    0    0    1 x_22], [   0    1    0    0 x_30]
[   0    0    1    0 x_31]
[   0    0    0    1 x_32])
Nope! w/ p
[0, 1, 1, 1, 3, 3, 1, 5, 8, 2, 5, 1, 2, 5, 5, 2, 1, 2, 1]
([   1 x_00], [0 1], [   0    1    0    0 x_20]
[   0    0    1    0 x_21]
[   0    0    0    1 x_22], [   0    1    0 x_30    0]
[   0    0    1 x_31    0]
[   0    0    0    0    1])
Nope! w/ p
[0, 1, 1, 1, 3, 3, 1, 5, 8, 2, 5, 1, 2, 5, 5, 2, 1, 2, 1]
([   1 x_00], [0 1], [   0    1    0    0 x_20]
[   0    0    1    0 x_21]
[   0    0    0    1 x_22], [   0    1 x_30    0    0]
[   0    0    0    1    0]
[   0    0    0    0    1])
Nope! w/ p
[0, 1, 1, 1, 3, 3, 1, 5, 8, 2, 5, 1, 2, 5, 5, 2, 1, 2, 1]
([   1 x_00], [0 1], [   0    1    0    0 x_20]
[   0    0    1    0 x_21]
[   0    0    0    1 x_22], [0 0 1 0 0]
[0 0 0 1 0]
[0 0 0 0 1])
Nope! w/ p
[0, 1, 1, 1, 3, 3, 1, 5, 8, 2, 5, 1, 2, 5, 5, 2, 1, 2, 1]
([   1 x_00], [0 1], [   0    1    0 x_20    0]
[   0    0    1 x_21    0]
[   0    0    0    0    1], [   1    0    0 x_30 x_31]
[   0    1    0 x_32 x_33]
[   0    0    1 x_34 x_35])
Nope! w/ p
[0, 1, 1, 1, 3, 3, 1, 5, 8, 2, 5, 1, 2, 5, 5, 2, 1, 2, 1]
([   1 x_00], [0 1], [   0    1    0 x_20    0]
[   0    0    1 x_21    0]
[   0    0    0    0    1], [   1    0 x_30    0 x_31]
[   0    1 x_32    0 x_33]
[   0    0    0    1 x_34])
Nope! w/ p
[0, 1, 1, 1, 3, 3, 1, 5, 8, 2, 5, 1, 2, 5, 5, 2, 1, 2, 1]
([   1 x_00], [0 1], [   0    1    0 x_20    0]
[   0    0    1 x_21    0]
[   0    0    0    0    1], [   1    0 x_30 x_31    0]
[   0    1 x_32 x_33    0]
[   0    0    0    0    1])
Nope! w/ p
[0, 1, 1, 1, 3, 3, 1, 5, 8, 2, 5, 1, 2, 5, 5, 2, 1, 2, 1]
([   1 x_00], [0 1], [   0    1    0 x_20    0]
[   0    0    1 x_21    0]
[   0    0    0    0    1], [   1 x_30    0    0 x_31]
[   0    0    1    0 x_32]
[   0    0    0    1 x_33])
Nope! w/ p
[0, 1, 1, 1, 3, 3, 1, 5, 8, 2, 5, 1, 2, 5, 5, 2, 1, 2, 1]
([   1 x_00], [0 1], [   0    1    0 x_20    0]
[   0    0    1 x_21    0]
[   0    0    0    0    1], [   1 x_30    0 x_31    0]
[   0    0    1 x_32    0]
[   0    0    0    0    1])
Nope! w/ p
[0, 1, 1, 1, 3, 3, 1, 5, 8, 2, 5, 1, 2, 5, 5, 2, 1, 2, 1]
([   1 x_00], [0 1], [   0    1    0 x_20    0]
[   0    0    1 x_21    0]
[   0    0    0    0    1], [   1 x_30 x_31    0    0]
[   0    0    0    1    0]
[   0    0    0    0    1])
Nope! w/ p
[0, 1, 1, 1, 3, 3, 1, 5, 8, 2, 5, 1, 2, 5, 5, 2, 1, 2, 1]
([   1 x_00], [0 1], [   0    1    0 x_20    0]
[   0    0    1 x_21    0]
[   0    0    0    0    1], [   0    1    0    0 x_30]
[   0    0    1    0 x_31]
[   0    0    0    1 x_32])
Nope! w/ p
[0, 1, 1, 1, 3, 3, 1, 5, 8, 2, 5, 1, 2, 5, 5, 2, 1, 2, 1]
([   1 x_00], [0 1], [   0    1    0 x_20    0]
[   0    0    1 x_21    0]
[   0    0    0    0    1], [   0    1    0 x_30    0]
[   0    0    1 x_31    0]
[   0    0    0    0    1])
Nope! w/ p
[0, 1, 1, 1, 3, 3, 1, 5, 8, 2, 5, 1, 2, 5, 5, 2, 1, 2, 1]
([   1 x_00], [0 1], [   0    1    0 x_20    0]
[   0    0    1 x_21    0]
[   0    0    0    0    1], [   0    1 x_30    0    0]
[   0    0    0    1    0]
[   0    0    0    0    1])
Nope! w/ p
[0, 1, 1, 1, 3, 3, 1, 5, 8, 2, 5, 1, 2, 5, 5, 2, 1, 2, 1]
([   1 x_00], [0 1], [   0    1    0 x_20    0]
[   0    0    1 x_21    0]
[   0    0    0    0    1], [0 0 1 0 0]
[0 0 0 1 0]
[0 0 0 0 1])
Nope! w/ p
[0, 1, 1, 1, 3, 3, 1, 5, 8, 2, 5, 1, 2, 5, 5, 2, 1, 2, 1]
([   1 x_00], [0 1], [   0    1 x_20    0    0]
[   0    0    0    1    0]
[   0    0    0    0    1], [   1    0    0 x_30 x_31]
[   0    1    0 x_32 x_33]
[   0    0    1 x_34 x_35])
Nope! w/ p
[0, 1, 1, 1, 3, 3, 1, 5, 8, 2, 5, 1, 2, 5, 5, 2, 1, 2, 1]
([   1 x_00], [0 1], [   0    1 x_20    0    0]
[   0    0    0    1    0]
[   0    0    0    0    1], [   1    0 x_30    0 x_31]
[   0    1 x_32    0 x_33]
[   0    0    0    1 x_34])
Nope! w/ p
[0, 1, 1, 1, 3, 3, 1, 5, 8, 2, 5, 1, 2, 5, 5, 2, 1, 2, 1]
([   1 x_00], [0 1], [   0    1 x_20    0    0]
[   0    0    0    1    0]
[   0    0    0    0    1], [   1    0 x_30 x_31    0]
[   0    1 x_32 x_33    0]
[   0    0    0    0    1])
Nope! w/ p
[0, 1, 1, 1, 3, 3, 1, 5, 8, 2, 5, 1, 2, 5, 5, 2, 1, 2, 1]
([   1 x_00], [0 1], [   0    1 x_20    0    0]
[   0    0    0    1    0]
[   0    0    0    0    1], [   1 x_30    0    0 x_31]
[   0    0    1    0 x_32]
[   0    0    0    1 x_33])
Nope! w/ p
[0, 1, 1, 1, 3, 3, 1, 5, 8, 2, 5, 1, 2, 5, 5, 2, 1, 2, 1]
([   1 x_00], [0 1], [   0    1 x_20    0    0]
[   0    0    0    1    0]
[   0    0    0    0    1], [   1 x_30    0 x_31    0]
[   0    0    1 x_32    0]
[   0    0    0    0    1])
Nope! w/ p
[0, 1, 1, 1, 3, 3, 1, 5, 8, 2, 5, 1, 2, 5, 5, 2, 1, 2, 1]
([   1 x_00], [0 1], [   0    1 x_20    0    0]
[   0    0    0    1    0]
[   0    0    0    0    1], [   1 x_30 x_31    0    0]
[   0    0    0    1    0]
[   0    0    0    0    1])
Nope! w/ p
[0, 1, 1, 1, 3, 3, 1, 5, 8, 2, 5, 1, 2, 5, 5, 2, 1, 2, 1]
([   1 x_00], [0 1], [   0    1 x_20    0    0]
[   0    0    0    1    0]
[   0    0    0    0    1], [   0    1    0    0 x_30]
[   0    0    1    0 x_31]
[   0    0    0    1 x_32])
Nope! w/ p
[0, 1, 1, 1, 3, 3, 1, 5, 8, 2, 5, 1, 2, 5, 5, 2, 1, 2, 1]
([   1 x_00], [0 1], [   0    1 x_20    0    0]
[   0    0    0    1    0]
[   0    0    0    0    1], [   0    1    0 x_30    0]
[   0    0    1 x_31    0]
[   0    0    0    0    1])
Nope! w/ p
[0, 1, 1, 1, 3, 3, 1, 5, 8, 2, 5, 1, 2, 5, 5, 2, 1, 2, 1]
([   1 x_00], [0 1], [   0    1 x_20    0    0]
[   0    0    0    1    0]
[   0    0    0    0    1], [   0    1 x_30    0    0]
[   0    0    0    1    0]
[   0    0    0    0    1])
Nope! w/ p
[0, 1, 1, 1, 3, 3, 1, 5, 8, 2, 5, 1, 2, 5, 5, 2, 1, 2, 1]
([   1 x_00], [0 1], [   0    1 x_20    0    0]
[   0    0    0    1    0]
[   0    0    0    0    1], [0 0 1 0 0]
[0 0 0 1 0]
[0 0 0 0 1])
Nope! w/ p
[0, 1, 1, 1, 3, 3, 1, 5, 8, 2, 5, 1, 2, 5, 5, 2, 1, 2, 1]
([   1 x_00], [0 1], [0 0 1 0 0]
[0 0 0 1 0]
[0 0 0 0 1], [   1    0    0 x_30 x_31]
[   0    1    0 x_32 x_33]
[   0    0    1 x_34 x_35])
Nope! w/ p
[0, 1, 1, 1, 3, 3, 1, 5, 8, 2, 5, 1, 2, 5, 5, 2, 1, 2, 1]
([   1 x_00], [0 1], [0 0 1 0 0]
[0 0 0 1 0]
[0 0 0 0 1], [   1    0 x_30    0 x_31]
[   0    1 x_32    0 x_33]
[   0    0    0    1 x_34])
Nope! w/ p
[0, 1, 1, 1, 3, 3, 1, 5, 8, 2, 5, 1, 2, 5, 5, 2, 1, 2, 1]
([   1 x_00], [0 1], [0 0 1 0 0]
[0 0 0 1 0]
[0 0 0 0 1], [   1    0 x_30 x_31    0]
[   0    1 x_32 x_33    0]
[   0    0    0    0    1])
Nope! w/ p
[0, 1, 1, 1, 3, 3, 1, 5, 8, 2, 5, 1, 2, 5, 5, 2, 1, 2, 1]
([   1 x_00], [0 1], [0 0 1 0 0]
[0 0 0 1 0]
[0 0 0 0 1], [   1 x_30    0    0 x_31]
[   0    0    1    0 x_32]
[   0    0    0    1 x_33])
Nope! w/ p
[0, 1, 1, 1, 3, 3, 1, 5, 8, 2, 5, 1, 2, 5, 5, 2, 1, 2, 1]
([   1 x_00], [0 1], [0 0 1 0 0]
[0 0 0 1 0]
[0 0 0 0 1], [   1 x_30    0 x_31    0]
[   0    0    1 x_32    0]
[   0    0    0    0    1])
Nope! w/ p
[0, 1, 1, 1, 3, 3, 1, 5, 8, 2, 5, 1, 2, 5, 5, 2, 1, 2, 1]
([   1 x_00], [0 1], [0 0 1 0 0]
[0 0 0 1 0]
[0 0 0 0 1], [   1 x_30 x_31    0    0]
[   0    0    0    1    0]
[   0    0    0    0    1])
Nope! w/ p
[0, 1, 1, 1, 3, 3, 1, 5, 8, 2, 5, 1, 2, 5, 5, 2, 1, 2, 1]
([   1 x_00], [0 1], [0 0 1 0 0]
[0 0 0 1 0]
[0 0 0 0 1], [   0    1    0    0 x_30]
[   0    0    1    0 x_31]
[   0    0    0    1 x_32])
Nope! w/ p
[0, 1, 1, 1, 3, 3, 1, 5, 8, 2, 5, 1, 2, 5, 5, 2, 1, 2, 1]
([   1 x_00], [0 1], [0 0 1 0 0]
[0 0 0 1 0]
[0 0 0 0 1], [   0    1    0 x_30    0]
[   0    0    1 x_31    0]
[   0    0    0    0    1])
Nope! w/ p
[0, 1, 1, 1, 3, 3, 1, 5, 8, 2, 5, 1, 2, 5, 5, 2, 1, 2, 1]
([   1 x_00], [0 1], [0 0 1 0 0]
[0 0 0 1 0]
[0 0 0 0 1], [   0    1 x_30    0    0]
[   0    0    0    1    0]
[   0    0    0    0    1])
Nope! w/ p
[0, 1, 1, 1, 3, 3, 1, 5, 8, 2, 5, 1, 2, 5, 5, 2, 1, 2, 1]
([   1 x_00], [0 1], [0 0 1 0 0]
[0 0 0 1 0]
[0 0 0 0 1], [0 0 1 0 0]
[0 0 0 1 0]
[0 0 0 0 1])
Nope! w/ p
[0, 1, 1, 1, 3, 3, 1, 5, 8, 2, 5, 1, 2, 5, 5, 2, 1, 2, 1]
([0 1], [   1 x_10], [   1    0    0 x_20 x_21]
[   0    1    0 x_22 x_23]
[   0    0    1 x_24 x_25], [   1    0    0 x_30 x_31]
[   0    1    0 x_32 x_33]
[   0    0    1 x_34 x_35])
Nope! w/ p
[0, 1, 1, 1, 3, 3, 1, 5, 8, 2, 5, 1, 2, 5, 5, 2, 1, 2, 1]
([0 1], [   1 x_10], [   1    0    0 x_20 x_21]
[   0    1    0 x_22 x_23]
[   0    0    1 x_24 x_25], [   1    0 x_30    0 x_31]
[   0    1 x_32    0 x_33]
[   0    0    0    1 x_34])
Nope! w/ p
[0, 1, 1, 1, 3, 3, 1, 5, 8, 2, 5, 1, 2, 5, 5, 2, 1, 2, 1]
([0 1], [   1 x_10], [   1    0    0 x_20 x_21]
[   0    1    0 x_22 x_23]
[   0    0    1 x_24 x_25], [   1    0 x_30 x_31    0]
[   0    1 x_32 x_33    0]
[   0    0    0    0    1])
Nope! w/ p
[0, 1, 1, 1, 3, 3, 1, 5, 8, 2, 5, 1, 2, 5, 5, 2, 1, 2, 1]
([0 1], [   1 x_10], [   1    0    0 x_20 x_21]
[   0    1    0 x_22 x_23]
[   0    0    1 x_24 x_25], [   1 x_30    0    0 x_31]
[   0    0    1    0 x_32]
[   0    0    0    1 x_33])
Nope! w/ p
[0, 1, 1, 1, 3, 3, 1, 5, 8, 2, 5, 1, 2, 5, 5, 2, 1, 2, 1]
([0 1], [   1 x_10], [   1    0    0 x_20 x_21]
[   0    1    0 x_22 x_23]
[   0    0    1 x_24 x_25], [   1 x_30    0 x_31    0]
[   0    0    1 x_32    0]
[   0    0    0    0    1])
Nope! w/ p
[0, 1, 1, 1, 3, 3, 1, 5, 8, 2, 5, 1, 2, 5, 5, 2, 1, 2, 1]
([0 1], [   1 x_10], [   1    0    0 x_20 x_21]
[   0    1    0 x_22 x_23]
[   0    0    1 x_24 x_25], [   1 x_30 x_31    0    0]
[   0    0    0    1    0]
[   0    0    0    0    1])
Nope! w/ p
[0, 1, 1, 1, 3, 3, 1, 5, 8, 2, 5, 1, 2, 5, 5, 2, 1, 2, 1]
([0 1], [   1 x_10], [   1    0    0 x_20 x_21]
[   0    1    0 x_22 x_23]
[   0    0    1 x_24 x_25], [   0    1    0    0 x_30]
[   0    0    1    0 x_31]
[   0    0    0    1 x_32])
Nope! w/ p
[0, 1, 1, 1, 3, 3, 1, 5, 8, 2, 5, 1, 2, 5, 5, 2, 1, 2, 1]
([0 1], [   1 x_10], [   1    0    0 x_20 x_21]
[   0    1    0 x_22 x_23]
[   0    0    1 x_24 x_25], [   0    1    0 x_30    0]
[   0    0    1 x_31    0]
[   0    0    0    0    1])
Nope! w/ p
[0, 1, 1, 1, 3, 3, 1, 5, 8, 2, 5, 1, 2, 5, 5, 2, 1, 2, 1]
([0 1], [   1 x_10], [   1    0    0 x_20 x_21]
[   0    1    0 x_22 x_23]
[   0    0    1 x_24 x_25], [   0    1 x_30    0    0]
[   0    0    0    1    0]
[   0    0    0    0    1])
Nope! w/ p
[0, 1, 1, 1, 3, 3, 1, 5, 8, 2, 5, 1, 2, 5, 5, 2, 1, 2, 1]
([0 1], [   1 x_10], [   1    0    0 x_20 x_21]
[   0    1    0 x_22 x_23]
[   0    0    1 x_24 x_25], [0 0 1 0 0]
[0 0 0 1 0]
[0 0 0 0 1])
Nope! w/ p
[0, 1, 1, 1, 3, 3, 1, 5, 8, 2, 5, 1, 2, 5, 5, 2, 1, 2, 1]
([0 1], [   1 x_10], [   1    0 x_20    0 x_21]
[   0    1 x_22    0 x_23]
[   0    0    0    1 x_24], [   1    0    0 x_30 x_31]
[   0    1    0 x_32 x_33]
[   0    0    1 x_34 x_35])
Nope! w/ p
[0, 1, 1, 1, 3, 3, 1, 5, 8, 2, 5, 1, 2, 5, 5, 2, 1, 2, 1]
([0 1], [   1 x_10], [   1    0 x_20    0 x_21]
[   0    1 x_22    0 x_23]
[   0    0    0    1 x_24], [   1    0 x_30    0 x_31]
[   0    1 x_32    0 x_33]
[   0    0    0    1 x_34])
Nope! w/ p
[0, 1, 1, 1, 3, 3, 1, 5, 8, 2, 5, 1, 2, 5, 5, 2, 1, 2, 1]
([0 1], [   1 x_10], [   1    0 x_20    0 x_21]
[   0    1 x_22    0 x_23]
[   0    0    0    1 x_24], [   1    0 x_30 x_31    0]
[   0    1 x_32 x_33    0]
[   0    0    0    0    1])
Nope! w/ p
[0, 1, 1, 1, 3, 3, 1, 5, 8, 2, 5, 1, 2, 5, 5, 2, 1, 2, 1]
([0 1], [   1 x_10], [   1    0 x_20    0 x_21]
[   0    1 x_22    0 x_23]
[   0    0    0    1 x_24], [   1 x_30    0    0 x_31]
[   0    0    1    0 x_32]
[   0    0    0    1 x_33])
Nope! w/ p
[0, 1, 1, 1, 3, 3, 1, 5, 8, 2, 5, 1, 2, 5, 5, 2, 1, 2, 1]
([0 1], [   1 x_10], [   1    0 x_20    0 x_21]
[   0    1 x_22    0 x_23]
[   0    0    0    1 x_24], [   1 x_30    0 x_31    0]
[   0    0    1 x_32    0]
[   0    0    0    0    1])
Nope! w/ p
[0, 1, 1, 1, 3, 3, 1, 5, 8, 2, 5, 1, 2, 5, 5, 2, 1, 2, 1]
([0 1], [   1 x_10], [   1    0 x_20    0 x_21]
[   0    1 x_22    0 x_23]
[   0    0    0    1 x_24], [   1 x_30 x_31    0    0]
[   0    0    0    1    0]
[   0    0    0    0    1])
Nope! w/ p
[0, 1, 1, 1, 3, 3, 1, 5, 8, 2, 5, 1, 2, 5, 5, 2, 1, 2, 1]
([0 1], [   1 x_10], [   1    0 x_20    0 x_21]
[   0    1 x_22    0 x_23]
[   0    0    0    1 x_24], [   0    1    0    0 x_30]
[   0    0    1    0 x_31]
[   0    0    0    1 x_32])
Nope! w/ p
[0, 1, 1, 1, 3, 3, 1, 5, 8, 2, 5, 1, 2, 5, 5, 2, 1, 2, 1]
([0 1], [   1 x_10], [   1    0 x_20    0 x_21]
[   0    1 x_22    0 x_23]
[   0    0    0    1 x_24], [   0    1    0 x_30    0]
[   0    0    1 x_31    0]
[   0    0    0    0    1])
Nope! w/ p
[0, 1, 1, 1, 3, 3, 1, 5, 8, 2, 5, 1, 2, 5, 5, 2, 1, 2, 1]
([0 1], [   1 x_10], [   1    0 x_20    0 x_21]
[   0    1 x_22    0 x_23]
[   0    0    0    1 x_24], [   0    1 x_30    0    0]
[   0    0    0    1    0]
[   0    0    0    0    1])
Nope! w/ p
[0, 1, 1, 1, 3, 3, 1, 5, 8, 2, 5, 1, 2, 5, 5, 2, 1, 2, 1]
([0 1], [   1 x_10], [   1    0 x_20    0 x_21]
[   0    1 x_22    0 x_23]
[   0    0    0    1 x_24], [0 0 1 0 0]
[0 0 0 1 0]
[0 0 0 0 1])
Nope! w/ p
[0, 1, 1, 1, 3, 3, 1, 5, 8, 2, 5, 1, 2, 5, 5, 2, 1, 2, 1]
([0 1], [   1 x_10], [   1    0 x_20 x_21    0]
[   0    1 x_22 x_23    0]
[   0    0    0    0    1], [   1    0    0 x_30 x_31]
[   0    1    0 x_32 x_33]
[   0    0    1 x_34 x_35])
Nope! w/ p
[0, 1, 1, 1, 3, 3, 1, 5, 8, 2, 5, 1, 2, 5, 5, 2, 1, 2, 1]
([0 1], [   1 x_10], [   1    0 x_20 x_21    0]
[   0    1 x_22 x_23    0]
[   0    0    0    0    1], [   1    0 x_30    0 x_31]
[   0    1 x_32    0 x_33]
[   0    0    0    1 x_34])
Nope! w/ p
[0, 1, 1, 1, 3, 3, 1, 5, 8, 2, 5, 1, 2, 5, 5, 2, 1, 2, 1]
([0 1], [   1 x_10], [   1    0 x_20 x_21    0]
[   0    1 x_22 x_23    0]
[   0    0    0    0    1], [   1    0 x_30 x_31    0]
[   0    1 x_32 x_33    0]
[   0    0    0    0    1])
Nope! w/ p
[0, 1, 1, 1, 3, 3, 1, 5, 8, 2, 5, 1, 2, 5, 5, 2, 1, 2, 1]
([0 1], [   1 x_10], [   1    0 x_20 x_21    0]
[   0    1 x_22 x_23    0]
[   0    0    0    0    1], [   1 x_30    0    0 x_31]
[   0    0    1    0 x_32]
[   0    0    0    1 x_33])
Nope! w/ p
[0, 1, 1, 1, 3, 3, 1, 5, 8, 2, 5, 1, 2, 5, 5, 2, 1, 2, 1]
([0 1], [   1 x_10], [   1    0 x_20 x_21    0]
[   0    1 x_22 x_23    0]
[   0    0    0    0    1], [   1 x_30    0 x_31    0]
[   0    0    1 x_32    0]
[   0    0    0    0    1])
Nope! w/ p
[0, 1, 1, 1, 3, 3, 1, 5, 8, 2, 5, 1, 2, 5, 5, 2, 1, 2, 1]
([0 1], [   1 x_10], [   1    0 x_20 x_21    0]
[   0    1 x_22 x_23    0]
[   0    0    0    0    1], [   1 x_30 x_31    0    0]
[   0    0    0    1    0]
[   0    0    0    0    1])
Nope! w/ p
[0, 1, 1, 1, 3, 3, 1, 5, 8, 2, 5, 1, 2, 5, 5, 2, 1, 2, 1]
([0 1], [   1 x_10], [   1    0 x_20 x_21    0]
[   0    1 x_22 x_23    0]
[   0    0    0    0    1], [   0    1    0    0 x_30]
[   0    0    1    0 x_31]
[   0    0    0    1 x_32])
Nope! w/ p
[0, 1, 1, 1, 3, 3, 1, 5, 8, 2, 5, 1, 2, 5, 5, 2, 1, 2, 1]
([0 1], [   1 x_10], [   1    0 x_20 x_21    0]
[   0    1 x_22 x_23    0]
[   0    0    0    0    1], [   0    1    0 x_30    0]
[   0    0    1 x_31    0]
[   0    0    0    0    1])
Nope! w/ p
[0, 1, 1, 1, 3, 3, 1, 5, 8, 2, 5, 1, 2, 5, 5, 2, 1, 2, 1]
([0 1], [   1 x_10], [   1    0 x_20 x_21    0]
[   0    1 x_22 x_23    0]
[   0    0    0    0    1], [   0    1 x_30    0    0]
[   0    0    0    1    0]
[   0    0    0    0    1])
Nope! w/ p
[0, 1, 1, 1, 3, 3, 1, 5, 8, 2, 5, 1, 2, 5, 5, 2, 1, 2, 1]
([0 1], [   1 x_10], [   1    0 x_20 x_21    0]
[   0    1 x_22 x_23    0]
[   0    0    0    0    1], [0 0 1 0 0]
[0 0 0 1 0]
[0 0 0 0 1])
Nope! w/ p
[0, 1, 1, 1, 3, 3, 1, 5, 8, 2, 5, 1, 2, 5, 5, 2, 1, 2, 1]
([0 1], [   1 x_10], [   1 x_20    0    0 x_21]
[   0    0    1    0 x_22]
[   0    0    0    1 x_23], [   1    0    0 x_30 x_31]
[   0    1    0 x_32 x_33]
[   0    0    1 x_34 x_35])
Nope! w/ p
[0, 1, 1, 1, 3, 3, 1, 5, 8, 2, 5, 1, 2, 5, 5, 2, 1, 2, 1]
([0 1], [   1 x_10], [   1 x_20    0    0 x_21]
[   0    0    1    0 x_22]
[   0    0    0    1 x_23], [   1    0 x_30    0 x_31]
[   0    1 x_32    0 x_33]
[   0    0    0    1 x_34])
Nope! w/ p
[0, 1, 1, 1, 3, 3, 1, 5, 8, 2, 5, 1, 2, 5, 5, 2, 1, 2, 1]
([0 1], [   1 x_10], [   1 x_20    0    0 x_21]
[   0    0    1    0 x_22]
[   0    0    0    1 x_23], [   1    0 x_30 x_31    0]
[   0    1 x_32 x_33    0]
[   0    0    0    0    1])
Nope! w/ p
[0, 1, 1, 1, 3, 3, 1, 5, 8, 2, 5, 1, 2, 5, 5, 2, 1, 2, 1]
([0 1], [   1 x_10], [   1 x_20    0    0 x_21]
[   0    0    1    0 x_22]
[   0    0    0    1 x_23], [   1 x_30    0    0 x_31]
[   0    0    1    0 x_32]
[   0    0    0    1 x_33])
Nope! w/ p
[0, 1, 1, 1, 3, 3, 1, 5, 8, 2, 5, 1, 2, 5, 5, 2, 1, 2, 1]
([0 1], [   1 x_10], [   1 x_20    0    0 x_21]
[   0    0    1    0 x_22]
[   0    0    0    1 x_23], [   1 x_30    0 x_31    0]
[   0    0    1 x_32    0]
[   0    0    0    0    1])
Nope! w/ p
[0, 1, 1, 1, 3, 3, 1, 5, 8, 2, 5, 1, 2, 5, 5, 2, 1, 2, 1]
([0 1], [   1 x_10], [   1 x_20    0    0 x_21]
[   0    0    1    0 x_22]
[   0    0    0    1 x_23], [   1 x_30 x_31    0    0]
[   0    0    0    1    0]
[   0    0    0    0    1])
Nope! w/ p
[0, 1, 1, 1, 3, 3, 1, 5, 8, 2, 5, 1, 2, 5, 5, 2, 1, 2, 1]
([0 1], [   1 x_10], [   1 x_20    0    0 x_21]
[   0    0    1    0 x_22]
[   0    0    0    1 x_23], [   0    1    0    0 x_30]
[   0    0    1    0 x_31]
[   0    0    0    1 x_32])
Nope! w/ p
[0, 1, 1, 1, 3, 3, 1, 5, 8, 2, 5, 1, 2, 5, 5, 2, 1, 2, 1]
([0 1], [   1 x_10], [   1 x_20    0    0 x_21]
[   0    0    1    0 x_22]
[   0    0    0    1 x_23], [   0    1    0 x_30    0]
[   0    0    1 x_31    0]
[   0    0    0    0    1])
Nope! w/ p
[0, 1, 1, 1, 3, 3, 1, 5, 8, 2, 5, 1, 2, 5, 5, 2, 1, 2, 1]
([0 1], [   1 x_10], [   1 x_20    0    0 x_21]
[   0    0    1    0 x_22]
[   0    0    0    1 x_23], [   0    1 x_30    0    0]
[   0    0    0    1    0]
[   0    0    0    0    1])
Nope! w/ p
[0, 1, 1, 1, 3, 3, 1, 5, 8, 2, 5, 1, 2, 5, 5, 2, 1, 2, 1]
([0 1], [   1 x_10], [   1 x_20    0    0 x_21]
[   0    0    1    0 x_22]
[   0    0    0    1 x_23], [0 0 1 0 0]
[0 0 0 1 0]
[0 0 0 0 1])
Nope! w/ p
[0, 1, 1, 1, 3, 3, 1, 5, 8, 2, 5, 1, 2, 5, 5, 2, 1, 2, 1]
([0 1], [   1 x_10], [   1 x_20    0 x_21    0]
[   0    0    1 x_22    0]
[   0    0    0    0    1], [   1    0    0 x_30 x_31]
[   0    1    0 x_32 x_33]
[   0    0    1 x_34 x_35])
Nope! w/ p
[0, 1, 1, 1, 3, 3, 1, 5, 8, 2, 5, 1, 2, 5, 5, 2, 1, 2, 1]
([0 1], [   1 x_10], [   1 x_20    0 x_21    0]
[   0    0    1 x_22    0]
[   0    0    0    0    1], [   1    0 x_30    0 x_31]
[   0    1 x_32    0 x_33]
[   0    0    0    1 x_34])
Nope! w/ p
[0, 1, 1, 1, 3, 3, 1, 5, 8, 2, 5, 1, 2, 5, 5, 2, 1, 2, 1]
([0 1], [   1 x_10], [   1 x_20    0 x_21    0]
[   0    0    1 x_22    0]
[   0    0    0    0    1], [   1    0 x_30 x_31    0]
[   0    1 x_32 x_33    0]
[   0    0    0    0    1])
Nope! w/ p
[0, 1, 1, 1, 3, 3, 1, 5, 8, 2, 5, 1, 2, 5, 5, 2, 1, 2, 1]
([0 1], [   1 x_10], [   1 x_20    0 x_21    0]
[   0    0    1 x_22    0]
[   0    0    0    0    1], [   1 x_30    0    0 x_31]
[   0    0    1    0 x_32]
[   0    0    0    1 x_33])
Nope! w/ p
[0, 1, 1, 1, 3, 3, 1, 5, 8, 2, 5, 1, 2, 5, 5, 2, 1, 2, 1]
([0 1], [   1 x_10], [   1 x_20    0 x_21    0]
[   0    0    1 x_22    0]
[   0    0    0    0    1], [   1 x_30    0 x_31    0]
[   0    0    1 x_32    0]
[   0    0    0    0    1])
Nope! w/ p
[0, 1, 1, 1, 3, 3, 1, 5, 8, 2, 5, 1, 2, 5, 5, 2, 1, 2, 1]
([0 1], [   1 x_10], [   1 x_20    0 x_21    0]
[   0    0    1 x_22    0]
[   0    0    0    0    1], [   1 x_30 x_31    0    0]
[   0    0    0    1    0]
[   0    0    0    0    1])
Nope! w/ p
[0, 1, 1, 1, 3, 3, 1, 5, 8, 2, 5, 1, 2, 5, 5, 2, 1, 2, 1]
([0 1], [   1 x_10], [   1 x_20    0 x_21    0]
[   0    0    1 x_22    0]
[   0    0    0    0    1], [   0    1    0    0 x_30]
[   0    0    1    0 x_31]
[   0    0    0    1 x_32])
Nope! w/ p
[0, 1, 1, 1, 3, 3, 1, 5, 8, 2, 5, 1, 2, 5, 5, 2, 1, 2, 1]
([0 1], [   1 x_10], [   1 x_20    0 x_21    0]
[   0    0    1 x_22    0]
[   0    0    0    0    1], [   0    1    0 x_30    0]
[   0    0    1 x_31    0]
[   0    0    0    0    1])
Nope! w/ p
[0, 1, 1, 1, 3, 3, 1, 5, 8, 2, 5, 1, 2, 5, 5, 2, 1, 2, 1]
([0 1], [   1 x_10], [   1 x_20    0 x_21    0]
[   0    0    1 x_22    0]
[   0    0    0    0    1], [   0    1 x_30    0    0]
[   0    0    0    1    0]
[   0    0    0    0    1])
Nope! w/ p
[0, 1, 1, 1, 3, 3, 1, 5, 8, 2, 5, 1, 2, 5, 5, 2, 1, 2, 1]
([0 1], [   1 x_10], [   1 x_20    0 x_21    0]
[   0    0    1 x_22    0]
[   0    0    0    0    1], [0 0 1 0 0]
[0 0 0 1 0]
[0 0 0 0 1])
Nope! w/ p
[0, 1, 1, 1, 3, 3, 1, 5, 8, 2, 5, 1, 2, 5, 5, 2, 1, 2, 1]
([0 1], [   1 x_10], [   1 x_20 x_21    0    0]
[   0    0    0    1    0]
[   0    0    0    0    1], [   1    0    0 x_30 x_31]
[   0    1    0 x_32 x_33]
[   0    0    1 x_34 x_35])
Nope! w/ p
[0, 1, 1, 1, 3, 3, 1, 5, 8, 2, 5, 1, 2, 5, 5, 2, 1, 2, 1]
([0 1], [   1 x_10], [   1 x_20 x_21    0    0]
[   0    0    0    1    0]
[   0    0    0    0    1], [   1    0 x_30    0 x_31]
[   0    1 x_32    0 x_33]
[   0    0    0    1 x_34])
Nope! w/ p
[0, 1, 1, 1, 3, 3, 1, 5, 8, 2, 5, 1, 2, 5, 5, 2, 1, 2, 1]
([0 1], [   1 x_10], [   1 x_20 x_21    0    0]
[   0    0    0    1    0]
[   0    0    0    0    1], [   1    0 x_30 x_31    0]
[   0    1 x_32 x_33    0]
[   0    0    0    0    1])
Nope! w/ p
[0, 1, 1, 1, 3, 3, 1, 5, 8, 2, 5, 1, 2, 5, 5, 2, 1, 2, 1]
([0 1], [   1 x_10], [   1 x_20 x_21    0    0]
[   0    0    0    1    0]
[   0    0    0    0    1], [   1 x_30    0    0 x_31]
[   0    0    1    0 x_32]
[   0    0    0    1 x_33])
Nope! w/ p
[0, 1, 1, 1, 3, 3, 1, 5, 8, 2, 5, 1, 2, 5, 5, 2, 1, 2, 1]
([0 1], [   1 x_10], [   1 x_20 x_21    0    0]
[   0    0    0    1    0]
[   0    0    0    0    1], [   1 x_30    0 x_31    0]
[   0    0    1 x_32    0]
[   0    0    0    0    1])
Nope! w/ p
[0, 1, 1, 1, 3, 3, 1, 5, 8, 2, 5, 1, 2, 5, 5, 2, 1, 2, 1]
([0 1], [   1 x_10], [   1 x_20 x_21    0    0]
[   0    0    0    1    0]
[   0    0    0    0    1], [   1 x_30 x_31    0    0]
[   0    0    0    1    0]
[   0    0    0    0    1])
Nope! w/ p
[0, 1, 1, 1, 3, 3, 1, 5, 8, 2, 5, 1, 2, 5, 5, 2, 1, 2, 1]
([0 1], [   1 x_10], [   1 x_20 x_21    0    0]
[   0    0    0    1    0]
[   0    0    0    0    1], [   0    1    0    0 x_30]
[   0    0    1    0 x_31]
[   0    0    0    1 x_32])
Nope! w/ p
[0, 1, 1, 1, 3, 3, 1, 5, 8, 2, 5, 1, 2, 5, 5, 2, 1, 2, 1]
([0 1], [   1 x_10], [   1 x_20 x_21    0    0]
[   0    0    0    1    0]
[   0    0    0    0    1], [   0    1    0 x_30    0]
[   0    0    1 x_31    0]
[   0    0    0    0    1])
Nope! w/ p
[0, 1, 1, 1, 3, 3, 1, 5, 8, 2, 5, 1, 2, 5, 5, 2, 1, 2, 1]
([0 1], [   1 x_10], [   1 x_20 x_21    0    0]
[   0    0    0    1    0]
[   0    0    0    0    1], [   0    1 x_30    0    0]
[   0    0    0    1    0]
[   0    0    0    0    1])
Nope! w/ p
[0, 1, 1, 1, 3, 3, 1, 5, 8, 2, 5, 1, 2, 5, 5, 2, 1, 2, 1]
([0 1], [   1 x_10], [   1 x_20 x_21    0    0]
[   0    0    0    1    0]
[   0    0    0    0    1], [0 0 1 0 0]
[0 0 0 1 0]
[0 0 0 0 1])
Nope! w/ p
[0, 1, 1, 1, 3, 3, 1, 5, 8, 2, 5, 1, 2, 5, 5, 2, 1, 2, 1]
([0 1], [   1 x_10], [   0    1    0    0 x_20]
[   0    0    1    0 x_21]
[   0    0    0    1 x_22], [   1    0    0 x_30 x_31]
[   0    1    0 x_32 x_33]
[   0    0    1 x_34 x_35])
Nope! w/ p
[0, 1, 1, 1, 3, 3, 1, 5, 8, 2, 5, 1, 2, 5, 5, 2, 1, 2, 1]
([0 1], [   1 x_10], [   0    1    0    0 x_20]
[   0    0    1    0 x_21]
[   0    0    0    1 x_22], [   1    0 x_30    0 x_31]
[   0    1 x_32    0 x_33]
[   0    0    0    1 x_34])
Nope! w/ p
[0, 1, 1, 1, 3, 3, 1, 5, 8, 2, 5, 1, 2, 5, 5, 2, 1, 2, 1]
([0 1], [   1 x_10], [   0    1    0    0 x_20]
[   0    0    1    0 x_21]
[   0    0    0    1 x_22], [   1    0 x_30 x_31    0]
[   0    1 x_32 x_33    0]
[   0    0    0    0    1])
Nope! w/ p
[0, 1, 1, 1, 3, 3, 1, 5, 8, 2, 5, 1, 2, 5, 5, 2, 1, 2, 1]
([0 1], [   1 x_10], [   0    1    0    0 x_20]
[   0    0    1    0 x_21]
[   0    0    0    1 x_22], [   1 x_30    0    0 x_31]
[   0    0    1    0 x_32]
[   0    0    0    1 x_33])
Nope! w/ p
[0, 1, 1, 1, 3, 3, 1, 5, 8, 2, 5, 1, 2, 5, 5, 2, 1, 2, 1]
([0 1], [   1 x_10], [   0    1    0    0 x_20]
[   0    0    1    0 x_21]
[   0    0    0    1 x_22], [   1 x_30    0 x_31    0]
[   0    0    1 x_32    0]
[   0    0    0    0    1])
Nope! w/ p
[0, 1, 1, 1, 3, 3, 1, 5, 8, 2, 5, 1, 2, 5, 5, 2, 1, 2, 1]
([0 1], [   1 x_10], [   0    1    0    0 x_20]
[   0    0    1    0 x_21]
[   0    0    0    1 x_22], [   1 x_30 x_31    0    0]
[   0    0    0    1    0]
[   0    0    0    0    1])
Nope! w/ p
[0, 1, 1, 1, 3, 3, 1, 5, 8, 2, 5, 1, 2, 5, 5, 2, 1, 2, 1]
([0 1], [   1 x_10], [   0    1    0    0 x_20]
[   0    0    1    0 x_21]
[   0    0    0    1 x_22], [   0    1    0    0 x_30]
[   0    0    1    0 x_31]
[   0    0    0    1 x_32])
Nope! w/ p
[0, 1, 1, 1, 3, 3, 1, 5, 8, 2, 5, 1, 2, 5, 5, 2, 1, 2, 1]
([0 1], [   1 x_10], [   0    1    0    0 x_20]
[   0    0    1    0 x_21]
[   0    0    0    1 x_22], [   0    1    0 x_30    0]
[   0    0    1 x_31    0]
[   0    0    0    0    1])
Nope! w/ p
[0, 1, 1, 1, 3, 3, 1, 5, 8, 2, 5, 1, 2, 5, 5, 2, 1, 2, 1]
([0 1], [   1 x_10], [   0    1    0    0 x_20]
[   0    0    1    0 x_21]
[   0    0    0    1 x_22], [   0    1 x_30    0    0]
[   0    0    0    1    0]
[   0    0    0    0    1])
Nope! w/ p
[0, 1, 1, 1, 3, 3, 1, 5, 8, 2, 5, 1, 2, 5, 5, 2, 1, 2, 1]
([0 1], [   1 x_10], [   0    1    0    0 x_20]
[   0    0    1    0 x_21]
[   0    0    0    1 x_22], [0 0 1 0 0]
[0 0 0 1 0]
[0 0 0 0 1])
Nope! w/ p
[0, 1, 1, 1, 3, 3, 1, 5, 8, 2, 5, 1, 2, 5, 5, 2, 1, 2, 1]
([0 1], [   1 x_10], [   0    1    0 x_20    0]
[   0    0    1 x_21    0]
[   0    0    0    0    1], [   1    0    0 x_30 x_31]
[   0    1    0 x_32 x_33]
[   0    0    1 x_34 x_35])
Nope! w/ p
[0, 1, 1, 1, 3, 3, 1, 5, 8, 2, 5, 1, 2, 5, 5, 2, 1, 2, 1]
([0 1], [   1 x_10], [   0    1    0 x_20    0]
[   0    0    1 x_21    0]
[   0    0    0    0    1], [   1    0 x_30    0 x_31]
[   0    1 x_32    0 x_33]
[   0    0    0    1 x_34])
Nope! w/ p
[0, 1, 1, 1, 3, 3, 1, 5, 8, 2, 5, 1, 2, 5, 5, 2, 1, 2, 1]
([0 1], [   1 x_10], [   0    1    0 x_20    0]
[   0    0    1 x_21    0]
[   0    0    0    0    1], [   1    0 x_30 x_31    0]
[   0    1 x_32 x_33    0]
[   0    0    0    0    1])
Nope! w/ p
[0, 1, 1, 1, 3, 3, 1, 5, 8, 2, 5, 1, 2, 5, 5, 2, 1, 2, 1]
([0 1], [   1 x_10], [   0    1    0 x_20    0]
[   0    0    1 x_21    0]
[   0    0    0    0    1], [   1 x_30    0    0 x_31]
[   0    0    1    0 x_32]
[   0    0    0    1 x_33])
Nope! w/ p
[0, 1, 1, 1, 3, 3, 1, 5, 8, 2, 5, 1, 2, 5, 5, 2, 1, 2, 1]
([0 1], [   1 x_10], [   0    1    0 x_20    0]
[   0    0    1 x_21    0]
[   0    0    0    0    1], [   1 x_30    0 x_31    0]
[   0    0    1 x_32    0]
[   0    0    0    0    1])
Nope! w/ p
[0, 1, 1, 1, 3, 3, 1, 5, 8, 2, 5, 1, 2, 5, 5, 2, 1, 2, 1]
([0 1], [   1 x_10], [   0    1    0 x_20    0]
[   0    0    1 x_21    0]
[   0    0    0    0    1], [   1 x_30 x_31    0    0]
[   0    0    0    1    0]
[   0    0    0    0    1])
Nope! w/ p
[0, 1, 1, 1, 3, 3, 1, 5, 8, 2, 5, 1, 2, 5, 5, 2, 1, 2, 1]
([0 1], [   1 x_10], [   0    1    0 x_20    0]
[   0    0    1 x_21    0]
[   0    0    0    0    1], [   0    1    0    0 x_30]
[   0    0    1    0 x_31]
[   0    0    0    1 x_32])
Nope! w/ p
[0, 1, 1, 1, 3, 3, 1, 5, 8, 2, 5, 1, 2, 5, 5, 2, 1, 2, 1]
([0 1], [   1 x_10], [   0    1    0 x_20    0]
[   0    0    1 x_21    0]
[   0    0    0    0    1], [   0    1    0 x_30    0]
[   0    0    1 x_31    0]
[   0    0    0    0    1])
Nope! w/ p
[0, 1, 1, 1, 3, 3, 1, 5, 8, 2, 5, 1, 2, 5, 5, 2, 1, 2, 1]
([0 1], [   1 x_10], [   0    1    0 x_20    0]
[   0    0    1 x_21    0]
[   0    0    0    0    1], [   0    1 x_30    0    0]
[   0    0    0    1    0]
[   0    0    0    0    1])
Nope! w/ p
[0, 1, 1, 1, 3, 3, 1, 5, 8, 2, 5, 1, 2, 5, 5, 2, 1, 2, 1]
([0 1], [   1 x_10], [   0    1    0 x_20    0]
[   0    0    1 x_21    0]
[   0    0    0    0    1], [0 0 1 0 0]
[0 0 0 1 0]
[0 0 0 0 1])
Nope! w/ p
[0, 1, 1, 1, 3, 3, 1, 5, 8, 2, 5, 1, 2, 5, 5, 2, 1, 2, 1]
([0 1], [   1 x_10], [   0    1 x_20    0    0]
[   0    0    0    1    0]
[   0    0    0    0    1], [   1    0    0 x_30 x_31]
[   0    1    0 x_32 x_33]
[   0    0    1 x_34 x_35])
Nope! w/ p
[0, 1, 1, 1, 3, 3, 1, 5, 8, 2, 5, 1, 2, 5, 5, 2, 1, 2, 1]
([0 1], [   1 x_10], [   0    1 x_20    0    0]
[   0    0    0    1    0]
[   0    0    0    0    1], [   1    0 x_30    0 x_31]
[   0    1 x_32    0 x_33]
[   0    0    0    1 x_34])
Nope! w/ p
[0, 1, 1, 1, 3, 3, 1, 5, 8, 2, 5, 1, 2, 5, 5, 2, 1, 2, 1]
([0 1], [   1 x_10], [   0    1 x_20    0    0]
[   0    0    0    1    0]
[   0    0    0    0    1], [   1    0 x_30 x_31    0]
[   0    1 x_32 x_33    0]
[   0    0    0    0    1])
Nope! w/ p
[0, 1, 1, 1, 3, 3, 1, 5, 8, 2, 5, 1, 2, 5, 5, 2, 1, 2, 1]
([0 1], [   1 x_10], [   0    1 x_20    0    0]
[   0    0    0    1    0]
[   0    0    0    0    1], [   1 x_30    0    0 x_31]
[   0    0    1    0 x_32]
[   0    0    0    1 x_33])
Nope! w/ p
[0, 1, 1, 1, 3, 3, 1, 5, 8, 2, 5, 1, 2, 5, 5, 2, 1, 2, 1]
([0 1], [   1 x_10], [   0    1 x_20    0    0]
[   0    0    0    1    0]
[   0    0    0    0    1], [   1 x_30    0 x_31    0]
[   0    0    1 x_32    0]
[   0    0    0    0    1])
Nope! w/ p
[0, 1, 1, 1, 3, 3, 1, 5, 8, 2, 5, 1, 2, 5, 5, 2, 1, 2, 1]
([0 1], [   1 x_10], [   0    1 x_20    0    0]
[   0    0    0    1    0]
[   0    0    0    0    1], [   1 x_30 x_31    0    0]
[   0    0    0    1    0]
[   0    0    0    0    1])
Nope! w/ p
[0, 1, 1, 1, 3, 3, 1, 5, 8, 2, 5, 1, 2, 5, 5, 2, 1, 2, 1]
([0 1], [   1 x_10], [   0    1 x_20    0    0]
[   0    0    0    1    0]
[   0    0    0    0    1], [   0    1    0    0 x_30]
[   0    0    1    0 x_31]
[   0    0    0    1 x_32])
Nope! w/ p
[0, 1, 1, 1, 3, 3, 1, 5, 8, 2, 5, 1, 2, 5, 5, 2, 1, 2, 1]
([0 1], [   1 x_10], [   0    1 x_20    0    0]
[   0    0    0    1    0]
[   0    0    0    0    1], [   0    1    0 x_30    0]
[   0    0    1 x_31    0]
[   0    0    0    0    1])
Nope! w/ p
[0, 1, 1, 1, 3, 3, 1, 5, 8, 2, 5, 1, 2, 5, 5, 2, 1, 2, 1]
([0 1], [   1 x_10], [   0    1 x_20    0    0]
[   0    0    0    1    0]
[   0    0    0    0    1], [   0    1 x_30    0    0]
[   0    0    0    1    0]
[   0    0    0    0    1])
Nope! w/ p
[0, 1, 1, 1, 3, 3, 1, 5, 8, 2, 5, 1, 2, 5, 5, 2, 1, 2, 1]
([0 1], [   1 x_10], [   0    1 x_20    0    0]
[   0    0    0    1    0]
[   0    0    0    0    1], [0 0 1 0 0]
[0 0 0 1 0]
[0 0 0 0 1])
Nope! w/ p
[0, 1, 1, 1, 3, 3, 1, 5, 8, 2, 5, 1, 2, 5, 5, 2, 1, 2, 1]
([0 1], [   1 x_10], [0 0 1 0 0]
[0 0 0 1 0]
[0 0 0 0 1], [   1    0    0 x_30 x_31]
[   0    1    0 x_32 x_33]
[   0    0    1 x_34 x_35])
Nope! w/ p
[0, 1, 1, 1, 3, 3, 1, 5, 8, 2, 5, 1, 2, 5, 5, 2, 1, 2, 1]
([0 1], [   1 x_10], [0 0 1 0 0]
[0 0 0 1 0]
[0 0 0 0 1], [   1    0 x_30    0 x_31]
[   0    1 x_32    0 x_33]
[   0    0    0    1 x_34])
Nope! w/ p
[0, 1, 1, 1, 3, 3, 1, 5, 8, 2, 5, 1, 2, 5, 5, 2, 1, 2, 1]
([0 1], [   1 x_10], [0 0 1 0 0]
[0 0 0 1 0]
[0 0 0 0 1], [   1    0 x_30 x_31    0]
[   0    1 x_32 x_33    0]
[   0    0    0    0    1])
Nope! w/ p
[0, 1, 1, 1, 3, 3, 1, 5, 8, 2, 5, 1, 2, 5, 5, 2, 1, 2, 1]
([0 1], [   1 x_10], [0 0 1 0 0]
[0 0 0 1 0]
[0 0 0 0 1], [   1 x_30    0    0 x_31]
[   0    0    1    0 x_32]
[   0    0    0    1 x_33])
Nope! w/ p
[0, 1, 1, 1, 3, 3, 1, 5, 8, 2, 5, 1, 2, 5, 5, 2, 1, 2, 1]
([0 1], [   1 x_10], [0 0 1 0 0]
[0 0 0 1 0]
[0 0 0 0 1], [   1 x_30    0 x_31    0]
[   0    0    1 x_32    0]
[   0    0    0    0    1])
Nope! w/ p
[0, 1, 1, 1, 3, 3, 1, 5, 8, 2, 5, 1, 2, 5, 5, 2, 1, 2, 1]
([0 1], [   1 x_10], [0 0 1 0 0]
[0 0 0 1 0]
[0 0 0 0 1], [   1 x_30 x_31    0    0]
[   0    0    0    1    0]
[   0    0    0    0    1])
Nope! w/ p
[0, 1, 1, 1, 3, 3, 1, 5, 8, 2, 5, 1, 2, 5, 5, 2, 1, 2, 1]
([0 1], [   1 x_10], [0 0 1 0 0]
[0 0 0 1 0]
[0 0 0 0 1], [   0    1    0    0 x_30]
[   0    0    1    0 x_31]
[   0    0    0    1 x_32])
Nope! w/ p
[0, 1, 1, 1, 3, 3, 1, 5, 8, 2, 5, 1, 2, 5, 5, 2, 1, 2, 1]
([0 1], [   1 x_10], [0 0 1 0 0]
[0 0 0 1 0]
[0 0 0 0 1], [   0    1    0 x_30    0]
[   0    0    1 x_31    0]
[   0    0    0    0    1])
Nope! w/ p
[0, 1, 1, 1, 3, 3, 1, 5, 8, 2, 5, 1, 2, 5, 5, 2, 1, 2, 1]
([0 1], [   1 x_10], [0 0 1 0 0]
[0 0 0 1 0]
[0 0 0 0 1], [   0    1 x_30    0    0]
[   0    0    0    1    0]
[   0    0    0    0    1])
Nope! w/ p
[0, 1, 1, 1, 3, 3, 1, 5, 8, 2, 5, 1, 2, 5, 5, 2, 1, 2, 1]
([0 1], [   1 x_10], [0 0 1 0 0]
[0 0 0 1 0]
[0 0 0 0 1], [0 0 1 0 0]
[0 0 0 1 0]
[0 0 0 0 1])
Nope! w/ p
[0, 1, 1, 1, 3, 3, 1, 5, 8, 2, 5, 1, 2, 5, 5, 2, 1, 2, 1]
([0 1], [0 1], [   1    0    0 x_20 x_21]
[   0    1    0 x_22 x_23]
[   0    0    1 x_24 x_25], [   1    0    0 x_30 x_31]
[   0    1    0 x_32 x_33]
[   0    0    1 x_34 x_35])
Nope! w/ p
[0, 1, 1, 1, 3, 3, 1, 5, 8, 2, 5, 1, 2, 5, 5, 2, 1, 2, 1]
([0 1], [0 1], [   1    0    0 x_20 x_21]
[   0    1    0 x_22 x_23]
[   0    0    1 x_24 x_25], [   1    0 x_30    0 x_31]
[   0    1 x_32    0 x_33]
[   0    0    0    1 x_34])
Nope! w/ p
[0, 1, 1, 1, 3, 3, 1, 5, 8, 2, 5, 1, 2, 5, 5, 2, 1, 2, 1]
([0 1], [0 1], [   1    0    0 x_20 x_21]
[   0    1    0 x_22 x_23]
[   0    0    1 x_24 x_25], [   1    0 x_30 x_31    0]
[   0    1 x_32 x_33    0]
[   0    0    0    0    1])
Nope! w/ p
[0, 1, 1, 1, 3, 3, 1, 5, 8, 2, 5, 1, 2, 5, 5, 2, 1, 2, 1]
([0 1], [0 1], [   1    0    0 x_20 x_21]
[   0    1    0 x_22 x_23]
[   0    0    1 x_24 x_25], [   1 x_30    0    0 x_31]
[   0    0    1    0 x_32]
[   0    0    0    1 x_33])
Nope! w/ p
[0, 1, 1, 1, 3, 3, 1, 5, 8, 2, 5, 1, 2, 5, 5, 2, 1, 2, 1]
([0 1], [0 1], [   1    0    0 x_20 x_21]
[   0    1    0 x_22 x_23]
[   0    0    1 x_24 x_25], [   1 x_30    0 x_31    0]
[   0    0    1 x_32    0]
[   0    0    0    0    1])
Nope! w/ p
[0, 1, 1, 1, 3, 3, 1, 5, 8, 2, 5, 1, 2, 5, 5, 2, 1, 2, 1]
([0 1], [0 1], [   1    0    0 x_20 x_21]
[   0    1    0 x_22 x_23]
[   0    0    1 x_24 x_25], [   1 x_30 x_31    0    0]
[   0    0    0    1    0]
[   0    0    0    0    1])
Nope! w/ p
[0, 1, 1, 1, 3, 3, 1, 5, 8, 2, 5, 1, 2, 5, 5, 2, 1, 2, 1]
([0 1], [0 1], [   1    0    0 x_20 x_21]
[   0    1    0 x_22 x_23]
[   0    0    1 x_24 x_25], [   0    1    0    0 x_30]
[   0    0    1    0 x_31]
[   0    0    0    1 x_32])
Nope! w/ p
[0, 1, 1, 1, 3, 3, 1, 5, 8, 2, 5, 1, 2, 5, 5, 2, 1, 2, 1]
([0 1], [0 1], [   1    0    0 x_20 x_21]
[   0    1    0 x_22 x_23]
[   0    0    1 x_24 x_25], [   0    1    0 x_30    0]
[   0    0    1 x_31    0]
[   0    0    0    0    1])
Nope! w/ p
[0, 1, 1, 1, 3, 3, 1, 5, 8, 2, 5, 1, 2, 5, 5, 2, 1, 2, 1]
([0 1], [0 1], [   1    0    0 x_20 x_21]
[   0    1    0 x_22 x_23]
[   0    0    1 x_24 x_25], [   0    1 x_30    0    0]
[   0    0    0    1    0]
[   0    0    0    0    1])
Nope! w/ p
[0, 1, 1, 1, 3, 3, 1, 5, 8, 2, 5, 1, 2, 5, 5, 2, 1, 2, 1]
([0 1], [0 1], [   1    0    0 x_20 x_21]
[   0    1    0 x_22 x_23]
[   0    0    1 x_24 x_25], [0 0 1 0 0]
[0 0 0 1 0]
[0 0 0 0 1])
Nope! w/ p
[0, 1, 1, 1, 3, 3, 1, 5, 8, 2, 5, 1, 2, 5, 5, 2, 1, 2, 1]
([0 1], [0 1], [   1    0 x_20    0 x_21]
[   0    1 x_22    0 x_23]
[   0    0    0    1 x_24], [   1    0    0 x_30 x_31]
[   0    1    0 x_32 x_33]
[   0    0    1 x_34 x_35])
Nope! w/ p
[0, 1, 1, 1, 3, 3, 1, 5, 8, 2, 5, 1, 2, 5, 5, 2, 1, 2, 1]
([0 1], [0 1], [   1    0 x_20    0 x_21]
[   0    1 x_22    0 x_23]
[   0    0    0    1 x_24], [   1    0 x_30    0 x_31]
[   0    1 x_32    0 x_33]
[   0    0    0    1 x_34])
Nope! w/ p
[0, 1, 1, 1, 3, 3, 1, 5, 8, 2, 5, 1, 2, 5, 5, 2, 1, 2, 1]
([0 1], [0 1], [   1    0 x_20    0 x_21]
[   0    1 x_22    0 x_23]
[   0    0    0    1 x_24], [   1    0 x_30 x_31    0]
[   0    1 x_32 x_33    0]
[   0    0    0    0    1])
Nope! w/ p
[0, 1, 1, 1, 3, 3, 1, 5, 8, 2, 5, 1, 2, 5, 5, 2, 1, 2, 1]
([0 1], [0 1], [   1    0 x_20    0 x_21]
[   0    1 x_22    0 x_23]
[   0    0    0    1 x_24], [   1 x_30    0    0 x_31]
[   0    0    1    0 x_32]
[   0    0    0    1 x_33])
Nope! w/ p
[0, 1, 1, 1, 3, 3, 1, 5, 8, 2, 5, 1, 2, 5, 5, 2, 1, 2, 1]
([0 1], [0 1], [   1    0 x_20    0 x_21]
[   0    1 x_22    0 x_23]
[   0    0    0    1 x_24], [   1 x_30    0 x_31    0]
[   0    0    1 x_32    0]
[   0    0    0    0    1])
Nope! w/ p
[0, 1, 1, 1, 3, 3, 1, 5, 8, 2, 5, 1, 2, 5, 5, 2, 1, 2, 1]
([0 1], [0 1], [   1    0 x_20    0 x_21]
[   0    1 x_22    0 x_23]
[   0    0    0    1 x_24], [   1 x_30 x_31    0    0]
[   0    0    0    1    0]
[   0    0    0    0    1])
Nope! w/ p
[0, 1, 1, 1, 3, 3, 1, 5, 8, 2, 5, 1, 2, 5, 5, 2, 1, 2, 1]
([0 1], [0 1], [   1    0 x_20    0 x_21]
[   0    1 x_22    0 x_23]
[   0    0    0    1 x_24], [   0    1    0    0 x_30]
[   0    0    1    0 x_31]
[   0    0    0    1 x_32])
Nope! w/ p
[0, 1, 1, 1, 3, 3, 1, 5, 8, 2, 5, 1, 2, 5, 5, 2, 1, 2, 1]
([0 1], [0 1], [   1    0 x_20    0 x_21]
[   0    1 x_22    0 x_23]
[   0    0    0    1 x_24], [   0    1    0 x_30    0]
[   0    0    1 x_31    0]
[   0    0    0    0    1])
Nope! w/ p
[0, 1, 1, 1, 3, 3, 1, 5, 8, 2, 5, 1, 2, 5, 5, 2, 1, 2, 1]
([0 1], [0 1], [   1    0 x_20    0 x_21]
[   0    1 x_22    0 x_23]
[   0    0    0    1 x_24], [   0    1 x_30    0    0]
[   0    0    0    1    0]
[   0    0    0    0    1])
Nope! w/ p
[0, 1, 1, 1, 3, 3, 1, 5, 8, 2, 5, 1, 2, 5, 5, 2, 1, 2, 1]
([0 1], [0 1], [   1    0 x_20    0 x_21]
[   0    1 x_22    0 x_23]
[   0    0    0    1 x_24], [0 0 1 0 0]
[0 0 0 1 0]
[0 0 0 0 1])
Nope! w/ p
[0, 1, 1, 1, 3, 3, 1, 5, 8, 2, 5, 1, 2, 5, 5, 2, 1, 2, 1]
([0 1], [0 1], [   1    0 x_20 x_21    0]
[   0    1 x_22 x_23    0]
[   0    0    0    0    1], [   1    0    0 x_30 x_31]
[   0    1    0 x_32 x_33]
[   0    0    1 x_34 x_35])
Nope! w/ p
[0, 1, 1, 1, 3, 3, 1, 5, 8, 2, 5, 1, 2, 5, 5, 2, 1, 2, 1]
([0 1], [0 1], [   1    0 x_20 x_21    0]
[   0    1 x_22 x_23    0]
[   0    0    0    0    1], [   1    0 x_30    0 x_31]
[   0    1 x_32    0 x_33]
[   0    0    0    1 x_34])
Nope! w/ p
[0, 1, 1, 1, 3, 3, 1, 5, 8, 2, 5, 1, 2, 5, 5, 2, 1, 2, 1]
([0 1], [0 1], [   1    0 x_20 x_21    0]
[   0    1 x_22 x_23    0]
[   0    0    0    0    1], [   1    0 x_30 x_31    0]
[   0    1 x_32 x_33    0]
[   0    0    0    0    1])
Nope! w/ p
[0, 1, 1, 1, 3, 3, 1, 5, 8, 2, 5, 1, 2, 5, 5, 2, 1, 2, 1]
([0 1], [0 1], [   1    0 x_20 x_21    0]
[   0    1 x_22 x_23    0]
[   0    0    0    0    1], [   1 x_30    0    0 x_31]
[   0    0    1    0 x_32]
[   0    0    0    1 x_33])
Nope! w/ p
[0, 1, 1, 1, 3, 3, 1, 5, 8, 2, 5, 1, 2, 5, 5, 2, 1, 2, 1]
([0 1], [0 1], [   1    0 x_20 x_21    0]
[   0    1 x_22 x_23    0]
[   0    0    0    0    1], [   1 x_30    0 x_31    0]
[   0    0    1 x_32    0]
[   0    0    0    0    1])
Nope! w/ p
[0, 1, 1, 1, 3, 3, 1, 5, 8, 2, 5, 1, 2, 5, 5, 2, 1, 2, 1]
([0 1], [0 1], [   1    0 x_20 x_21    0]
[   0    1 x_22 x_23    0]
[   0    0    0    0    1], [   1 x_30 x_31    0    0]
[   0    0    0    1    0]
[   0    0    0    0    1])
Nope! w/ p
[0, 1, 1, 1, 3, 3, 1, 5, 8, 2, 5, 1, 2, 5, 5, 2, 1, 2, 1]
([0 1], [0 1], [   1    0 x_20 x_21    0]
[   0    1 x_22 x_23    0]
[   0    0    0    0    1], [   0    1    0    0 x_30]
[   0    0    1    0 x_31]
[   0    0    0    1 x_32])
Nope! w/ p
[0, 1, 1, 1, 3, 3, 1, 5, 8, 2, 5, 1, 2, 5, 5, 2, 1, 2, 1]
([0 1], [0 1], [   1    0 x_20 x_21    0]
[   0    1 x_22 x_23    0]
[   0    0    0    0    1], [   0    1    0 x_30    0]
[   0    0    1 x_31    0]
[   0    0    0    0    1])
Nope! w/ p
[0, 1, 1, 1, 3, 3, 1, 5, 8, 2, 5, 1, 2, 5, 5, 2, 1, 2, 1]
([0 1], [0 1], [   1    0 x_20 x_21    0]
[   0    1 x_22 x_23    0]
[   0    0    0    0    1], [   0    1 x_30    0    0]
[   0    0    0    1    0]
[   0    0    0    0    1])
Nope! w/ p
[0, 1, 1, 1, 3, 3, 1, 5, 8, 2, 5, 1, 2, 5, 5, 2, 1, 2, 1]
([0 1], [0 1], [   1    0 x_20 x_21    0]
[   0    1 x_22 x_23    0]
[   0    0    0    0    1], [0 0 1 0 0]
[0 0 0 1 0]
[0 0 0 0 1])
Nope! w/ p
[0, 1, 1, 1, 3, 3, 1, 5, 8, 2, 5, 1, 2, 5, 5, 2, 1, 2, 1]
([0 1], [0 1], [   1 x_20    0    0 x_21]
[   0    0    1    0 x_22]
[   0    0    0    1 x_23], [   1    0    0 x_30 x_31]
[   0    1    0 x_32 x_33]
[   0    0    1 x_34 x_35])
Nope! w/ p
[0, 1, 1, 1, 3, 3, 1, 5, 8, 2, 5, 1, 2, 5, 5, 2, 1, 2, 1]
([0 1], [0 1], [   1 x_20    0    0 x_21]
[   0    0    1    0 x_22]
[   0    0    0    1 x_23], [   1    0 x_30    0 x_31]
[   0    1 x_32    0 x_33]
[   0    0    0    1 x_34])
Nope! w/ p
[0, 1, 1, 1, 3, 3, 1, 5, 8, 2, 5, 1, 2, 5, 5, 2, 1, 2, 1]
([0 1], [0 1], [   1 x_20    0    0 x_21]
[   0    0    1    0 x_22]
[   0    0    0    1 x_23], [   1    0 x_30 x_31    0]
[   0    1 x_32 x_33    0]
[   0    0    0    0    1])
Nope! w/ p
[0, 1, 1, 1, 3, 3, 1, 5, 8, 2, 5, 1, 2, 5, 5, 2, 1, 2, 1]
([0 1], [0 1], [   1 x_20    0    0 x_21]
[   0    0    1    0 x_22]
[   0    0    0    1 x_23], [   1 x_30    0    0 x_31]
[   0    0    1    0 x_32]
[   0    0    0    1 x_33])
Nope! w/ p
[0, 1, 1, 1, 3, 3, 1, 5, 8, 2, 5, 1, 2, 5, 5, 2, 1, 2, 1]
([0 1], [0 1], [   1 x_20    0    0 x_21]
[   0    0    1    0 x_22]
[   0    0    0    1 x_23], [   1 x_30    0 x_31    0]
[   0    0    1 x_32    0]
[   0    0    0    0    1])
Nope! w/ p
[0, 1, 1, 1, 3, 3, 1, 5, 8, 2, 5, 1, 2, 5, 5, 2, 1, 2, 1]
([0 1], [0 1], [   1 x_20    0    0 x_21]
[   0    0    1    0 x_22]
[   0    0    0    1 x_23], [   1 x_30 x_31    0    0]
[   0    0    0    1    0]
[   0    0    0    0    1])
Nope! w/ p
[0, 1, 1, 1, 3, 3, 1, 5, 8, 2, 5, 1, 2, 5, 5, 2, 1, 2, 1]
([0 1], [0 1], [   1 x_20    0    0 x_21]
[   0    0    1    0 x_22]
[   0    0    0    1 x_23], [   0    1    0    0 x_30]
[   0    0    1    0 x_31]
[   0    0    0    1 x_32])
Nope! w/ p
[0, 1, 1, 1, 3, 3, 1, 5, 8, 2, 5, 1, 2, 5, 5, 2, 1, 2, 1]
([0 1], [0 1], [   1 x_20    0    0 x_21]
[   0    0    1    0 x_22]
[   0    0    0    1 x_23], [   0    1    0 x_30    0]
[   0    0    1 x_31    0]
[   0    0    0    0    1])
Nope! w/ p
[0, 1, 1, 1, 3, 3, 1, 5, 8, 2, 5, 1, 2, 5, 5, 2, 1, 2, 1]
([0 1], [0 1], [   1 x_20    0    0 x_21]
[   0    0    1    0 x_22]
[   0    0    0    1 x_23], [   0    1 x_30    0    0]
[   0    0    0    1    0]
[   0    0    0    0    1])
Nope! w/ p
[0, 1, 1, 1, 3, 3, 1, 5, 8, 2, 5, 1, 2, 5, 5, 2, 1, 2, 1]
([0 1], [0 1], [   1 x_20    0    0 x_21]
[   0    0    1    0 x_22]
[   0    0    0    1 x_23], [0 0 1 0 0]
[0 0 0 1 0]
[0 0 0 0 1])
Nope! w/ p
[0, 1, 1, 1, 3, 3, 1, 5, 8, 2, 5, 1, 2, 5, 5, 2, 1, 2, 1]
([0 1], [0 1], [   1 x_20    0 x_21    0]
[   0    0    1 x_22    0]
[   0    0    0    0    1], [   1    0    0 x_30 x_31]
[   0    1    0 x_32 x_33]
[   0    0    1 x_34 x_35])
Nope! w/ p
[0, 1, 1, 1, 3, 3, 1, 5, 8, 2, 5, 1, 2, 5, 5, 2, 1, 2, 1]
([0 1], [0 1], [   1 x_20    0 x_21    0]
[   0    0    1 x_22    0]
[   0    0    0    0    1], [   1    0 x_30    0 x_31]
[   0    1 x_32    0 x_33]
[   0    0    0    1 x_34])
Nope! w/ p
[0, 1, 1, 1, 3, 3, 1, 5, 8, 2, 5, 1, 2, 5, 5, 2, 1, 2, 1]
([0 1], [0 1], [   1 x_20    0 x_21    0]
[   0    0    1 x_22    0]
[   0    0    0    0    1], [   1    0 x_30 x_31    0]
[   0    1 x_32 x_33    0]
[   0    0    0    0    1])
Nope! w/ p
[0, 1, 1, 1, 3, 3, 1, 5, 8, 2, 5, 1, 2, 5, 5, 2, 1, 2, 1]
([0 1], [0 1], [   1 x_20    0 x_21    0]
[   0    0    1 x_22    0]
[   0    0    0    0    1], [   1 x_30    0    0 x_31]
[   0    0    1    0 x_32]
[   0    0    0    1 x_33])
Nope! w/ p
[0, 1, 1, 1, 3, 3, 1, 5, 8, 2, 5, 1, 2, 5, 5, 2, 1, 2, 1]
([0 1], [0 1], [   1 x_20    0 x_21    0]
[   0    0    1 x_22    0]
[   0    0    0    0    1], [   1 x_30    0 x_31    0]
[   0    0    1 x_32    0]
[   0    0    0    0    1])
Nope! w/ p
[0, 1, 1, 1, 3, 3, 1, 5, 8, 2, 5, 1, 2, 5, 5, 2, 1, 2, 1]
([0 1], [0 1], [   1 x_20    0 x_21    0]
[   0    0    1 x_22    0]
[   0    0    0    0    1], [   1 x_30 x_31    0    0]
[   0    0    0    1    0]
[   0    0    0    0    1])
Nope! w/ p
[0, 1, 1, 1, 3, 3, 1, 5, 8, 2, 5, 1, 2, 5, 5, 2, 1, 2, 1]
([0 1], [0 1], [   1 x_20    0 x_21    0]
[   0    0    1 x_22    0]
[   0    0    0    0    1], [   0    1    0    0 x_30]
[   0    0    1    0 x_31]
[   0    0    0    1 x_32])
Nope! w/ p
[0, 1, 1, 1, 3, 3, 1, 5, 8, 2, 5, 1, 2, 5, 5, 2, 1, 2, 1]
([0 1], [0 1], [   1 x_20    0 x_21    0]
[   0    0    1 x_22    0]
[   0    0    0    0    1], [   0    1    0 x_30    0]
[   0    0    1 x_31    0]
[   0    0    0    0    1])
Nope! w/ p
[0, 1, 1, 1, 3, 3, 1, 5, 8, 2, 5, 1, 2, 5, 5, 2, 1, 2, 1]
([0 1], [0 1], [   1 x_20    0 x_21    0]
[   0    0    1 x_22    0]
[   0    0    0    0    1], [   0    1 x_30    0    0]
[   0    0    0    1    0]
[   0    0    0    0    1])
Nope! w/ p
[0, 1, 1, 1, 3, 3, 1, 5, 8, 2, 5, 1, 2, 5, 5, 2, 1, 2, 1]
([0 1], [0 1], [   1 x_20    0 x_21    0]
[   0    0    1 x_22    0]
[   0    0    0    0    1], [0 0 1 0 0]
[0 0 0 1 0]
[0 0 0 0 1])
Nope! w/ p
[0, 1, 1, 1, 3, 3, 1, 5, 8, 2, 5, 1, 2, 5, 5, 2, 1, 2, 1]
([0 1], [0 1], [   1 x_20 x_21    0    0]
[   0    0    0    1    0]
[   0    0    0    0    1], [   1    0    0 x_30 x_31]
[   0    1    0 x_32 x_33]
[   0    0    1 x_34 x_35])
Nope! w/ p
[0, 1, 1, 1, 3, 3, 1, 5, 8, 2, 5, 1, 2, 5, 5, 2, 1, 2, 1]
([0 1], [0 1], [   1 x_20 x_21    0    0]
[   0    0    0    1    0]
[   0    0    0    0    1], [   1    0 x_30    0 x_31]
[   0    1 x_32    0 x_33]
[   0    0    0    1 x_34])
Nope! w/ p
[0, 1, 1, 1, 3, 3, 1, 5, 8, 2, 5, 1, 2, 5, 5, 2, 1, 2, 1]
([0 1], [0 1], [   1 x_20 x_21    0    0]
[   0    0    0    1    0]
[   0    0    0    0    1], [   1    0 x_30 x_31    0]
[   0    1 x_32 x_33    0]
[   0    0    0    0    1])
Nope! w/ p
[0, 1, 1, 1, 3, 3, 1, 5, 8, 2, 5, 1, 2, 5, 5, 2, 1, 2, 1]
([0 1], [0 1], [   1 x_20 x_21    0    0]
[   0    0    0    1    0]
[   0    0    0    0    1], [   1 x_30    0    0 x_31]
[   0    0    1    0 x_32]
[   0    0    0    1 x_33])
Nope! w/ p
[0, 1, 1, 1, 3, 3, 1, 5, 8, 2, 5, 1, 2, 5, 5, 2, 1, 2, 1]
([0 1], [0 1], [   1 x_20 x_21    0    0]
[   0    0    0    1    0]
[   0    0    0    0    1], [   1 x_30    0 x_31    0]
[   0    0    1 x_32    0]
[   0    0    0    0    1])
Nope! w/ p
[0, 1, 1, 1, 3, 3, 1, 5, 8, 2, 5, 1, 2, 5, 5, 2, 1, 2, 1]
([0 1], [0 1], [   1 x_20 x_21    0    0]
[   0    0    0    1    0]
[   0    0    0    0    1], [   1 x_30 x_31    0    0]
[   0    0    0    1    0]
[   0    0    0    0    1])
Nope! w/ p
[0, 1, 1, 1, 3, 3, 1, 5, 8, 2, 5, 1, 2, 5, 5, 2, 1, 2, 1]
([0 1], [0 1], [   1 x_20 x_21    0    0]
[   0    0    0    1    0]
[   0    0    0    0    1], [   0    1    0    0 x_30]
[   0    0    1    0 x_31]
[   0    0    0    1 x_32])
Nope! w/ p
[0, 1, 1, 1, 3, 3, 1, 5, 8, 2, 5, 1, 2, 5, 5, 2, 1, 2, 1]
([0 1], [0 1], [   1 x_20 x_21    0    0]
[   0    0    0    1    0]
[   0    0    0    0    1], [   0    1    0 x_30    0]
[   0    0    1 x_31    0]
[   0    0    0    0    1])
Nope! w/ p
[0, 1, 1, 1, 3, 3, 1, 5, 8, 2, 5, 1, 2, 5, 5, 2, 1, 2, 1]
([0 1], [0 1], [   1 x_20 x_21    0    0]
[   0    0    0    1    0]
[   0    0    0    0    1], [   0    1 x_30    0    0]
[   0    0    0    1    0]
[   0    0    0    0    1])
Nope! w/ p
[0, 1, 1, 1, 3, 3, 1, 5, 8, 2, 5, 1, 2, 5, 5, 2, 1, 2, 1]
([0 1], [0 1], [   1 x_20 x_21    0    0]
[   0    0    0    1    0]
[   0    0    0    0    1], [0 0 1 0 0]
[0 0 0 1 0]
[0 0 0 0 1])
Nope! w/ p
[0, 1, 1, 1, 3, 3, 1, 5, 8, 2, 5, 1, 2, 5, 5, 2, 1, 2, 1]
([0 1], [0 1], [   0    1    0    0 x_20]
[   0    0    1    0 x_21]
[   0    0    0    1 x_22], [   1    0    0 x_30 x_31]
[   0    1    0 x_32 x_33]
[   0    0    1 x_34 x_35])
Nope! w/ p
[0, 1, 1, 1, 3, 3, 1, 5, 8, 2, 5, 1, 2, 5, 5, 2, 1, 2, 1]
([0 1], [0 1], [   0    1    0    0 x_20]
[   0    0    1    0 x_21]
[   0    0    0    1 x_22], [   1    0 x_30    0 x_31]
[   0    1 x_32    0 x_33]
[   0    0    0    1 x_34])
Nope! w/ p
[0, 1, 1, 1, 3, 3, 1, 5, 8, 2, 5, 1, 2, 5, 5, 2, 1, 2, 1]
([0 1], [0 1], [   0    1    0    0 x_20]
[   0    0    1    0 x_21]
[   0    0    0    1 x_22], [   1    0 x_30 x_31    0]
[   0    1 x_32 x_33    0]
[   0    0    0    0    1])
Nope! w/ p
[0, 1, 1, 1, 3, 3, 1, 5, 8, 2, 5, 1, 2, 5, 5, 2, 1, 2, 1]
([0 1], [0 1], [   0    1    0    0 x_20]
[   0    0    1    0 x_21]
[   0    0    0    1 x_22], [   1 x_30    0    0 x_31]
[   0    0    1    0 x_32]
[   0    0    0    1 x_33])
Nope! w/ p
[0, 1, 1, 1, 3, 3, 1, 5, 8, 2, 5, 1, 2, 5, 5, 2, 1, 2, 1]
([0 1], [0 1], [   0    1    0    0 x_20]
[   0    0    1    0 x_21]
[   0    0    0    1 x_22], [   1 x_30    0 x_31    0]
[   0    0    1 x_32    0]
[   0    0    0    0    1])
Nope! w/ p
[0, 1, 1, 1, 3, 3, 1, 5, 8, 2, 5, 1, 2, 5, 5, 2, 1, 2, 1]
([0 1], [0 1], [   0    1    0    0 x_20]
[   0    0    1    0 x_21]
[   0    0    0    1 x_22], [   1 x_30 x_31    0    0]
[   0    0    0    1    0]
[   0    0    0    0    1])
Nope! w/ p
[0, 1, 1, 1, 3, 3, 1, 5, 8, 2, 5, 1, 2, 5, 5, 2, 1, 2, 1]
([0 1], [0 1], [   0    1    0    0 x_20]
[   0    0    1    0 x_21]
[   0    0    0    1 x_22], [   0    1    0    0 x_30]
[   0    0    1    0 x_31]
[   0    0    0    1 x_32])
Nope! w/ p
[0, 1, 1, 1, 3, 3, 1, 5, 8, 2, 5, 1, 2, 5, 5, 2, 1, 2, 1]
([0 1], [0 1], [   0    1    0    0 x_20]
[   0    0    1    0 x_21]
[   0    0    0    1 x_22], [   0    1    0 x_30    0]
[   0    0    1 x_31    0]
[   0    0    0    0    1])
Nope! w/ p
[0, 1, 1, 1, 3, 3, 1, 5, 8, 2, 5, 1, 2, 5, 5, 2, 1, 2, 1]
([0 1], [0 1], [   0    1    0    0 x_20]
[   0    0    1    0 x_21]
[   0    0    0    1 x_22], [   0    1 x_30    0    0]
[   0    0    0    1    0]
[   0    0    0    0    1])
Nope! w/ p
[0, 1, 1, 1, 3, 3, 1, 5, 8, 2, 5, 1, 2, 5, 5, 2, 1, 2, 1]
([0 1], [0 1], [   0    1    0    0 x_20]
[   0    0    1    0 x_21]
[   0    0    0    1 x_22], [0 0 1 0 0]
[0 0 0 1 0]
[0 0 0 0 1])
Nope! w/ p
[0, 1, 1, 1, 3, 3, 1, 5, 8, 2, 5, 1, 2, 5, 5, 2, 1, 2, 1]
([0 1], [0 1], [   0    1    0 x_20    0]
[   0    0    1 x_21    0]
[   0    0    0    0    1], [   1    0    0 x_30 x_31]
[   0    1    0 x_32 x_33]
[   0    0    1 x_34 x_35])
Nope! w/ p
[0, 1, 1, 1, 3, 3, 1, 5, 8, 2, 5, 1, 2, 5, 5, 2, 1, 2, 1]
([0 1], [0 1], [   0    1    0 x_20    0]
[   0    0    1 x_21    0]
[   0    0    0    0    1], [   1    0 x_30    0 x_31]
[   0    1 x_32    0 x_33]
[   0    0    0    1 x_34])
Nope! w/ p
[0, 1, 1, 1, 3, 3, 1, 5, 8, 2, 5, 1, 2, 5, 5, 2, 1, 2, 1]
([0 1], [0 1], [   0    1    0 x_20    0]
[   0    0    1 x_21    0]
[   0    0    0    0    1], [   1    0 x_30 x_31    0]
[   0    1 x_32 x_33    0]
[   0    0    0    0    1])
Nope! w/ p
[0, 1, 1, 1, 3, 3, 1, 5, 8, 2, 5, 1, 2, 5, 5, 2, 1, 2, 1]
([0 1], [0 1], [   0    1    0 x_20    0]
[   0    0    1 x_21    0]
[   0    0    0    0    1], [   1 x_30    0    0 x_31]
[   0    0    1    0 x_32]
[   0    0    0    1 x_33])
Nope! w/ p
[0, 1, 1, 1, 3, 3, 1, 5, 8, 2, 5, 1, 2, 5, 5, 2, 1, 2, 1]
([0 1], [0 1], [   0    1    0 x_20    0]
[   0    0    1 x_21    0]
[   0    0    0    0    1], [   1 x_30    0 x_31    0]
[   0    0    1 x_32    0]
[   0    0    0    0    1])
Nope! w/ p
[0, 1, 1, 1, 3, 3, 1, 5, 8, 2, 5, 1, 2, 5, 5, 2, 1, 2, 1]
([0 1], [0 1], [   0    1    0 x_20    0]
[   0    0    1 x_21    0]
[   0    0    0    0    1], [   1 x_30 x_31    0    0]
[   0    0    0    1    0]
[   0    0    0    0    1])
Nope! w/ p
[0, 1, 1, 1, 3, 3, 1, 5, 8, 2, 5, 1, 2, 5, 5, 2, 1, 2, 1]
([0 1], [0 1], [   0    1    0 x_20    0]
[   0    0    1 x_21    0]
[   0    0    0    0    1], [   0    1    0    0 x_30]
[   0    0    1    0 x_31]
[   0    0    0    1 x_32])
Nope! w/ p
[0, 1, 1, 1, 3, 3, 1, 5, 8, 2, 5, 1, 2, 5, 5, 2, 1, 2, 1]
([0 1], [0 1], [   0    1    0 x_20    0]
[   0    0    1 x_21    0]
[   0    0    0    0    1], [   0    1    0 x_30    0]
[   0    0    1 x_31    0]
[   0    0    0    0    1])
Nope! w/ p
[0, 1, 1, 1, 3, 3, 1, 5, 8, 2, 5, 1, 2, 5, 5, 2, 1, 2, 1]
([0 1], [0 1], [   0    1    0 x_20    0]
[   0    0    1 x_21    0]
[   0    0    0    0    1], [   0    1 x_30    0    0]
[   0    0    0    1    0]
[   0    0    0    0    1])
Nope! w/ p
[0, 1, 1, 1, 3, 3, 1, 5, 8, 2, 5, 1, 2, 5, 5, 2, 1, 2, 1]
([0 1], [0 1], [   0    1    0 x_20    0]
[   0    0    1 x_21    0]
[   0    0    0    0    1], [0 0 1 0 0]
[0 0 0 1 0]
[0 0 0 0 1])
Nope! w/ p
[0, 1, 1, 1, 3, 3, 1, 5, 8, 2, 5, 1, 2, 5, 5, 2, 1, 2, 1]
([0 1], [0 1], [   0    1 x_20    0    0]
[   0    0    0    1    0]
[   0    0    0    0    1], [   1    0    0 x_30 x_31]
[   0    1    0 x_32 x_33]
[   0    0    1 x_34 x_35])
Nope! w/ p
[0, 1, 1, 1, 3, 3, 1, 5, 8, 2, 5, 1, 2, 5, 5, 2, 1, 2, 1]
([0 1], [0 1], [   0    1 x_20    0    0]
[   0    0    0    1    0]
[   0    0    0    0    1], [   1    0 x_30    0 x_31]
[   0    1 x_32    0 x_33]
[   0    0    0    1 x_34])
Nope! w/ p
[0, 1, 1, 1, 3, 3, 1, 5, 8, 2, 5, 1, 2, 5, 5, 2, 1, 2, 1]
([0 1], [0 1], [   0    1 x_20    0    0]
[   0    0    0    1    0]
[   0    0    0    0    1], [   1    0 x_30 x_31    0]
[   0    1 x_32 x_33    0]
[   0    0    0    0    1])
Nope! w/ p
[0, 1, 1, 1, 3, 3, 1, 5, 8, 2, 5, 1, 2, 5, 5, 2, 1, 2, 1]
([0 1], [0 1], [   0    1 x_20    0    0]
[   0    0    0    1    0]
[   0    0    0    0    1], [   1 x_30    0    0 x_31]
[   0    0    1    0 x_32]
[   0    0    0    1 x_33])
Nope! w/ p
[0, 1, 1, 1, 3, 3, 1, 5, 8, 2, 5, 1, 2, 5, 5, 2, 1, 2, 1]
([0 1], [0 1], [   0    1 x_20    0    0]
[   0    0    0    1    0]
[   0    0    0    0    1], [   1 x_30    0 x_31    0]
[   0    0    1 x_32    0]
[   0    0    0    0    1])
Nope! w/ p
[0, 1, 1, 1, 3, 3, 1, 5, 8, 2, 5, 1, 2, 5, 5, 2, 1, 2, 1]
([0 1], [0 1], [   0    1 x_20    0    0]
[   0    0    0    1    0]
[   0    0    0    0    1], [   1 x_30 x_31    0    0]
[   0    0    0    1    0]
[   0    0    0    0    1])
Nope! w/ p
[0, 1, 1, 1, 3, 3, 1, 5, 8, 2, 5, 1, 2, 5, 5, 2, 1, 2, 1]
([0 1], [0 1], [   0    1 x_20    0    0]
[   0    0    0    1    0]
[   0    0    0    0    1], [   0    1    0    0 x_30]
[   0    0    1    0 x_31]
[   0    0    0    1 x_32])
Nope! w/ p
[0, 1, 1, 1, 3, 3, 1, 5, 8, 2, 5, 1, 2, 5, 5, 2, 1, 2, 1]
([0 1], [0 1], [   0    1 x_20    0    0]
[   0    0    0    1    0]
[   0    0    0    0    1], [   0    1    0 x_30    0]
[   0    0    1 x_31    0]
[   0    0    0    0    1])
Nope! w/ p
[0, 1, 1, 1, 3, 3, 1, 5, 8, 2, 5, 1, 2, 5, 5, 2, 1, 2, 1]
([0 1], [0 1], [   0    1 x_20    0    0]
[   0    0    0    1    0]
[   0    0    0    0    1], [   0    1 x_30    0    0]
[   0    0    0    1    0]
[   0    0    0    0    1])
Nope! w/ p
[0, 1, 1, 1, 3, 3, 1, 5, 8, 2, 5, 1, 2, 5, 5, 2, 1, 2, 1]
([0 1], [0 1], [   0    1 x_20    0    0]
[   0    0    0    1    0]
[   0    0    0    0    1], [0 0 1 0 0]
[0 0 0 1 0]
[0 0 0 0 1])
Nope! w/ p
[0, 1, 1, 1, 3, 3, 1, 5, 8, 2, 5, 1, 2, 5, 5, 2, 1, 2, 1]
([0 1], [0 1], [0 0 1 0 0]
[0 0 0 1 0]
[0 0 0 0 1], [   1    0    0 x_30 x_31]
[   0    1    0 x_32 x_33]
[   0    0    1 x_34 x_35])
Nope! w/ p
[0, 1, 1, 1, 3, 3, 1, 5, 8, 2, 5, 1, 2, 5, 5, 2, 1, 2, 1]
([0 1], [0 1], [0 0 1 0 0]
[0 0 0 1 0]
[0 0 0 0 1], [   1    0 x_30    0 x_31]
[   0    1 x_32    0 x_33]
[   0    0    0    1 x_34])
Nope! w/ p
[0, 1, 1, 1, 3, 3, 1, 5, 8, 2, 5, 1, 2, 5, 5, 2, 1, 2, 1]
([0 1], [0 1], [0 0 1 0 0]
[0 0 0 1 0]
[0 0 0 0 1], [   1    0 x_30 x_31    0]
[   0    1 x_32 x_33    0]
[   0    0    0    0    1])
Nope! w/ p
[0, 1, 1, 1, 3, 3, 1, 5, 8, 2, 5, 1, 2, 5, 5, 2, 1, 2, 1]
([0 1], [0 1], [0 0 1 0 0]
[0 0 0 1 0]
[0 0 0 0 1], [   1 x_30    0    0 x_31]
[   0    0    1    0 x_32]
[   0    0    0    1 x_33])
Nope! w/ p
[0, 1, 1, 1, 3, 3, 1, 5, 8, 2, 5, 1, 2, 5, 5, 2, 1, 2, 1]
([0 1], [0 1], [0 0 1 0 0]
[0 0 0 1 0]
[0 0 0 0 1], [   1 x_30    0 x_31    0]
[   0    0    1 x_32    0]
[   0    0    0    0    1])
Nope! w/ p
[0, 1, 1, 1, 3, 3, 1, 5, 8, 2, 5, 1, 2, 5, 5, 2, 1, 2, 1]
([0 1], [0 1], [0 0 1 0 0]
[0 0 0 1 0]
[0 0 0 0 1], [   1 x_30 x_31    0    0]
[   0    0    0    1    0]
[   0    0    0    0    1])
Nope! w/ p
[0, 1, 1, 1, 3, 3, 1, 5, 8, 2, 5, 1, 2, 5, 5, 2, 1, 2, 1]
([0 1], [0 1], [0 0 1 0 0]
[0 0 0 1 0]
[0 0 0 0 1], [   0    1    0    0 x_30]
[   0    0    1    0 x_31]
[   0    0    0    1 x_32])
Nope! w/ p
[0, 1, 1, 1, 3, 3, 1, 5, 8, 2, 5, 1, 2, 5, 5, 2, 1, 2, 1]
([0 1], [0 1], [0 0 1 0 0]
[0 0 0 1 0]
[0 0 0 0 1], [   0    1    0 x_30    0]
[   0    0    1 x_31    0]
[   0    0    0    0    1])
Nope! w/ p
[0, 1, 1, 1, 3, 3, 1, 5, 8, 2, 5, 1, 2, 5, 5, 2, 1, 2, 1]
([0 1], [0 1], [0 0 1 0 0]
[0 0 0 1 0]
[0 0 0 0 1], [   0    1 x_30    0    0]
[   0    0    0    1    0]
[   0    0    0    0    1])
Nope! w/ p
[0, 1, 1, 1, 3, 3, 1, 5, 8, 2, 5, 1, 2, 5, 5, 2, 1, 2, 1]
([0 1], [0 1], [0 0 1 0 0]
[0 0 0 1 0]
[0 0 0 0 1], [0 0 1 0 0]
[0 0 0 1 0]
[0 0 0 0 1])
