h is[1, 2, 0, 0, 4, 0, 0, 0, 0, 0, 0, 0, 0, 0, 0, 0, 0, 0, 0]
Nope! w/ p
[0, 0, 1, 2, 1, 5, 1, 5, 8, 2, 5, 1, 2, 5, 5, 2, 1, 2, 1]
([   1 x_00 x_01 x_02 x_03],)
Nope! w/ p
[0, 0, 1, 2, 1, 5, 1, 5, 8, 2, 5, 1, 2, 5, 5, 2, 1, 2, 1]
([   0    1 x_00 x_01 x_02],)
Nope! w/ p
[0, 0, 1, 2, 1, 5, 1, 5, 8, 2, 5, 1, 2, 5, 5, 2, 1, 2, 1]
([   0    0    1 x_00 x_01],)
Nope! w/ p
[0, 0, 1, 2, 1, 5, 1, 5, 8, 2, 5, 1, 2, 5, 5, 2, 1, 2, 1]
([   0    0    0    1 x_00],)
Nope! w/ p
[0, 0, 1, 2, 1, 5, 1, 5, 8, 2, 5, 1, 2, 5, 5, 2, 1, 2, 1]
([0 0 0 0 1],)
