h is[1, 2, 1, 0, 0, 1, 0, 0, 2, 0, 0, 0, 0, 0, 0, 0, 0, 0, 0]
Nope! w/ p
[0, 0, 0, 2, 5, 4, 1, 5, 6, 2, 5, 1, 2, 5, 5, 2, 1, 2, 1]
([   1    0    0    0 x_00]
[   0    1    0    0 x_01]
[   0    0    1    0 x_02]
[   0    0    0    1 x_03], [    1     0     0     0     0     0  x_10  x_11]
[    0     1     0     0     0     0  x_12  x_13]
[    0     0     1     0     0     0  x_14  x_15]
[    0     0     0     1     0     0  x_16  x_17]
[    0     0     0     0     1     0  x_18  x_19]
[    0     0     0     0     0     1 x_110 x_111])
Nope! w/ p
[0, 0, 0, 2, 5, 4, 1, 5, 6, 2, 5, 1, 2, 5, 5, 2, 1, 2, 1]
([   1    0    0    0 x_00]
[   0    1    0    0 x_01]
[   0    0    1    0 x_02]
[   0    0    0    1 x_03], [    1     0     0     0     0  x_10     0  x_11]
[    0     1     0     0     0  x_12     0  x_13]
[    0     0     1     0     0  x_14     0  x_15]
[    0     0     0     1     0  x_16     0  x_17]
[    0     0     0     0     1  x_18     0  x_19]
[    0     0     0     0     0     0     1 x_110])
Nope! w/ p
[0, 0, 0, 2, 5, 4, 1, 5, 6, 2, 5, 1, 2, 5, 5, 2, 1, 2, 1]
([   1    0    0    0 x_00]
[   0    1    0    0 x_01]
[   0    0    1    0 x_02]
[   0    0    0    1 x_03], [   1    0    0    0    0 x_10 x_11    0]
[   0    1    0    0    0 x_12 x_13    0]
[   0    0    1    0    0 x_14 x_15    0]
[   0    0    0    1    0 x_16 x_17    0]
[   0    0    0    0    1 x_18 x_19    0]
[   0    0    0    0    0    0    0    1])
Nope! w/ p
[0, 0, 0, 2, 5, 4, 1, 5, 6, 2, 5, 1, 2, 5, 5, 2, 1, 2, 1]
([   1    0    0    0 x_00]
[   0    1    0    0 x_01]
[   0    0    1    0 x_02]
[   0    0    0    1 x_03], [   1    0    0    0 x_10    0    0 x_11]
[   0    1    0    0 x_12    0    0 x_13]
[   0    0    1    0 x_14    0    0 x_15]
[   0    0    0    1 x_16    0    0 x_17]
[   0    0    0    0    0    1    0 x_18]
[   0    0    0    0    0    0    1 x_19])
Nope! w/ p
[0, 0, 0, 2, 5, 4, 1, 5, 6, 2, 5, 1, 2, 5, 5, 2, 1, 2, 1]
([   1    0    0    0 x_00]
[   0    1    0    0 x_01]
[   0    0    1    0 x_02]
[   0    0    0    1 x_03], [   1    0    0    0 x_10    0 x_11    0]
[   0    1    0    0 x_12    0 x_13    0]
[   0    0    1    0 x_14    0 x_15    0]
[   0    0    0    1 x_16    0 x_17    0]
[   0    0    0    0    0    1 x_18    0]
[   0    0    0    0    0    0    0    1])
Nope! w/ p
[0, 0, 0, 2, 5, 4, 1, 5, 6, 2, 5, 1, 2, 5, 5, 2, 1, 2, 1]
([   1    0    0    0 x_00]
[   0    1    0    0 x_01]
[   0    0    1    0 x_02]
[   0    0    0    1 x_03], [   1    0    0    0 x_10 x_11    0    0]
[   0    1    0    0 x_12 x_13    0    0]
[   0    0    1    0 x_14 x_15    0    0]
[   0    0    0    1 x_16 x_17    0    0]
[   0    0    0    0    0    0    1    0]
[   0    0    0    0    0    0    0    1])
Nope! w/ p
[0, 0, 0, 2, 5, 4, 1, 5, 6, 2, 5, 1, 2, 5, 5, 2, 1, 2, 1]
([   1    0    0    0 x_00]
[   0    1    0    0 x_01]
[   0    0    1    0 x_02]
[   0    0    0    1 x_03], [   1    0    0 x_10    0    0    0 x_11]
[   0    1    0 x_12    0    0    0 x_13]
[   0    0    1 x_14    0    0    0 x_15]
[   0    0    0    0    1    0    0 x_16]
[   0    0    0    0    0    1    0 x_17]
[   0    0    0    0    0    0    1 x_18])
Nope! w/ p
[0, 0, 0, 2, 5, 4, 1, 5, 6, 2, 5, 1, 2, 5, 5, 2, 1, 2, 1]
([   1    0    0    0 x_00]
[   0    1    0    0 x_01]
[   0    0    1    0 x_02]
[   0    0    0    1 x_03], [   1    0    0 x_10    0    0 x_11    0]
[   0    1    0 x_12    0    0 x_13    0]
[   0    0    1 x_14    0    0 x_15    0]
[   0    0    0    0    1    0 x_16    0]
[   0    0    0    0    0    1 x_17    0]
[   0    0    0    0    0    0    0    1])
Nope! w/ p
[0, 0, 0, 2, 5, 4, 1, 5, 6, 2, 5, 1, 2, 5, 5, 2, 1, 2, 1]
([   1    0    0    0 x_00]
[   0    1    0    0 x_01]
[   0    0    1    0 x_02]
[   0    0    0    1 x_03], [   1    0    0 x_10    0 x_11    0    0]
[   0    1    0 x_12    0 x_13    0    0]
[   0    0    1 x_14    0 x_15    0    0]
[   0    0    0    0    1 x_16    0    0]
[   0    0    0    0    0    0    1    0]
[   0    0    0    0    0    0    0    1])
Nope! w/ p
[0, 0, 0, 2, 5, 4, 1, 5, 6, 2, 5, 1, 2, 5, 5, 2, 1, 2, 1]
([   1    0    0    0 x_00]
[   0    1    0    0 x_01]
[   0    0    1    0 x_02]
[   0    0    0    1 x_03], [   1    0    0 x_10 x_11    0    0    0]
[   0    1    0 x_12 x_13    0    0    0]
[   0    0    1 x_14 x_15    0    0    0]
[   0    0    0    0    0    1    0    0]
[   0    0    0    0    0    0    1    0]
[   0    0    0    0    0    0    0    1])
Nope! w/ p
[0, 0, 0, 2, 5, 4, 1, 5, 6, 2, 5, 1, 2, 5, 5, 2, 1, 2, 1]
([   1    0    0    0 x_00]
[   0    1    0    0 x_01]
[   0    0    1    0 x_02]
[   0    0    0    1 x_03], [   1    0 x_10    0    0    0    0 x_11]
[   0    1 x_12    0    0    0    0 x_13]
[   0    0    0    1    0    0    0 x_14]
[   0    0    0    0    1    0    0 x_15]
[   0    0    0    0    0    1    0 x_16]
[   0    0    0    0    0    0    1 x_17])
Nope! w/ p
[0, 0, 0, 2, 5, 4, 1, 5, 6, 2, 5, 1, 2, 5, 5, 2, 1, 2, 1]
([   1    0    0    0 x_00]
[   0    1    0    0 x_01]
[   0    0    1    0 x_02]
[   0    0    0    1 x_03], [   1    0 x_10    0    0    0 x_11    0]
[   0    1 x_12    0    0    0 x_13    0]
[   0    0    0    1    0    0 x_14    0]
[   0    0    0    0    1    0 x_15    0]
[   0    0    0    0    0    1 x_16    0]
[   0    0    0    0    0    0    0    1])
Nope! w/ p
[0, 0, 0, 2, 5, 4, 1, 5, 6, 2, 5, 1, 2, 5, 5, 2, 1, 2, 1]
([   1    0    0    0 x_00]
[   0    1    0    0 x_01]
[   0    0    1    0 x_02]
[   0    0    0    1 x_03], [   1    0 x_10    0    0 x_11    0    0]
[   0    1 x_12    0    0 x_13    0    0]
[   0    0    0    1    0 x_14    0    0]
[   0    0    0    0    1 x_15    0    0]
[   0    0    0    0    0    0    1    0]
[   0    0    0    0    0    0    0    1])
Nope! w/ p
[0, 0, 0, 2, 5, 4, 1, 5, 6, 2, 5, 1, 2, 5, 5, 2, 1, 2, 1]
([   1    0    0    0 x_00]
[   0    1    0    0 x_01]
[   0    0    1    0 x_02]
[   0    0    0    1 x_03], [   1    0 x_10    0 x_11    0    0    0]
[   0    1 x_12    0 x_13    0    0    0]
[   0    0    0    1 x_14    0    0    0]
[   0    0    0    0    0    1    0    0]
[   0    0    0    0    0    0    1    0]
[   0    0    0    0    0    0    0    1])
Nope! w/ p
[0, 0, 0, 2, 5, 4, 1, 5, 6, 2, 5, 1, 2, 5, 5, 2, 1, 2, 1]
([   1    0    0    0 x_00]
[   0    1    0    0 x_01]
[   0    0    1    0 x_02]
[   0    0    0    1 x_03], [   1    0 x_10 x_11    0    0    0    0]
[   0    1 x_12 x_13    0    0    0    0]
[   0    0    0    0    1    0    0    0]
[   0    0    0    0    0    1    0    0]
[   0    0    0    0    0    0    1    0]
[   0    0    0    0    0    0    0    1])
Nope! w/ p
[0, 0, 0, 2, 5, 4, 1, 5, 6, 2, 5, 1, 2, 5, 5, 2, 1, 2, 1]
([   1    0    0    0 x_00]
[   0    1    0    0 x_01]
[   0    0    1    0 x_02]
[   0    0    0    1 x_03], [   1 x_10    0    0    0    0    0 x_11]
[   0    0    1    0    0    0    0 x_12]
[   0    0    0    1    0    0    0 x_13]
[   0    0    0    0    1    0    0 x_14]
[   0    0    0    0    0    1    0 x_15]
[   0    0    0    0    0    0    1 x_16])
Nope! w/ p
[0, 0, 0, 2, 5, 4, 1, 5, 6, 2, 5, 1, 2, 5, 5, 2, 1, 2, 1]
([   1    0    0    0 x_00]
[   0    1    0    0 x_01]
[   0    0    1    0 x_02]
[   0    0    0    1 x_03], [   1 x_10    0    0    0    0 x_11    0]
[   0    0    1    0    0    0 x_12    0]
[   0    0    0    1    0    0 x_13    0]
[   0    0    0    0    1    0 x_14    0]
[   0    0    0    0    0    1 x_15    0]
[   0    0    0    0    0    0    0    1])
Nope! w/ p
[0, 0, 0, 2, 5, 4, 1, 5, 6, 2, 5, 1, 2, 5, 5, 2, 1, 2, 1]
([   1    0    0    0 x_00]
[   0    1    0    0 x_01]
[   0    0    1    0 x_02]
[   0    0    0    1 x_03], [   1 x_10    0    0    0 x_11    0    0]
[   0    0    1    0    0 x_12    0    0]
[   0    0    0    1    0 x_13    0    0]
[   0    0    0    0    1 x_14    0    0]
[   0    0    0    0    0    0    1    0]
[   0    0    0    0    0    0    0    1])
Nope! w/ p
[0, 0, 0, 2, 5, 4, 1, 5, 6, 2, 5, 1, 2, 5, 5, 2, 1, 2, 1]
([   1    0    0    0 x_00]
[   0    1    0    0 x_01]
[   0    0    1    0 x_02]
[   0    0    0    1 x_03], [   1 x_10    0    0 x_11    0    0    0]
[   0    0    1    0 x_12    0    0    0]
[   0    0    0    1 x_13    0    0    0]
[   0    0    0    0    0    1    0    0]
[   0    0    0    0    0    0    1    0]
[   0    0    0    0    0    0    0    1])
Nope! w/ p
[0, 0, 0, 2, 5, 4, 1, 5, 6, 2, 5, 1, 2, 5, 5, 2, 1, 2, 1]
([   1    0    0    0 x_00]
[   0    1    0    0 x_01]
[   0    0    1    0 x_02]
[   0    0    0    1 x_03], [   1 x_10    0 x_11    0    0    0    0]
[   0    0    1 x_12    0    0    0    0]
[   0    0    0    0    1    0    0    0]
[   0    0    0    0    0    1    0    0]
[   0    0    0    0    0    0    1    0]
[   0    0    0    0    0    0    0    1])
Nope! w/ p
[0, 0, 0, 2, 5, 4, 1, 5, 6, 2, 5, 1, 2, 5, 5, 2, 1, 2, 1]
([   1    0    0    0 x_00]
[   0    1    0    0 x_01]
[   0    0    1    0 x_02]
[   0    0    0    1 x_03], [   1 x_10 x_11    0    0    0    0    0]
[   0    0    0    1    0    0    0    0]
[   0    0    0    0    1    0    0    0]
[   0    0    0    0    0    1    0    0]
[   0    0    0    0    0    0    1    0]
[   0    0    0    0    0    0    0    1])
Nope! w/ p
[0, 0, 0, 2, 5, 4, 1, 5, 6, 2, 5, 1, 2, 5, 5, 2, 1, 2, 1]
([   1    0    0    0 x_00]
[   0    1    0    0 x_01]
[   0    0    1    0 x_02]
[   0    0    0    1 x_03], [   0    1    0    0    0    0    0 x_10]
[   0    0    1    0    0    0    0 x_11]
[   0    0    0    1    0    0    0 x_12]
[   0    0    0    0    1    0    0 x_13]
[   0    0    0    0    0    1    0 x_14]
[   0    0    0    0    0    0    1 x_15])
Nope! w/ p
[0, 0, 0, 2, 5, 4, 1, 5, 6, 2, 5, 1, 2, 5, 5, 2, 1, 2, 1]
([   1    0    0    0 x_00]
[   0    1    0    0 x_01]
[   0    0    1    0 x_02]
[   0    0    0    1 x_03], [   0    1    0    0    0    0 x_10    0]
[   0    0    1    0    0    0 x_11    0]
[   0    0    0    1    0    0 x_12    0]
[   0    0    0    0    1    0 x_13    0]
[   0    0    0    0    0    1 x_14    0]
[   0    0    0    0    0    0    0    1])
Nope! w/ p
[0, 0, 0, 2, 5, 4, 1, 5, 6, 2, 5, 1, 2, 5, 5, 2, 1, 2, 1]
([   1    0    0    0 x_00]
[   0    1    0    0 x_01]
[   0    0    1    0 x_02]
[   0    0    0    1 x_03], [   0    1    0    0    0 x_10    0    0]
[   0    0    1    0    0 x_11    0    0]
[   0    0    0    1    0 x_12    0    0]
[   0    0    0    0    1 x_13    0    0]
[   0    0    0    0    0    0    1    0]
[   0    0    0    0    0    0    0    1])
Nope! w/ p
[0, 0, 0, 2, 5, 4, 1, 5, 6, 2, 5, 1, 2, 5, 5, 2, 1, 2, 1]
([   1    0    0    0 x_00]
[   0    1    0    0 x_01]
[   0    0    1    0 x_02]
[   0    0    0    1 x_03], [   0    1    0    0 x_10    0    0    0]
[   0    0    1    0 x_11    0    0    0]
[   0    0    0    1 x_12    0    0    0]
[   0    0    0    0    0    1    0    0]
[   0    0    0    0    0    0    1    0]
[   0    0    0    0    0    0    0    1])
Nope! w/ p
[0, 0, 0, 2, 5, 4, 1, 5, 6, 2, 5, 1, 2, 5, 5, 2, 1, 2, 1]
([   1    0    0    0 x_00]
[   0    1    0    0 x_01]
[   0    0    1    0 x_02]
[   0    0    0    1 x_03], [   0    1    0 x_10    0    0    0    0]
[   0    0    1 x_11    0    0    0    0]
[   0    0    0    0    1    0    0    0]
[   0    0    0    0    0    1    0    0]
[   0    0    0    0    0    0    1    0]
[   0    0    0    0    0    0    0    1])
Nope! w/ p
[0, 0, 0, 2, 5, 4, 1, 5, 6, 2, 5, 1, 2, 5, 5, 2, 1, 2, 1]
([   1    0    0    0 x_00]
[   0    1    0    0 x_01]
[   0    0    1    0 x_02]
[   0    0    0    1 x_03], [   0    1 x_10    0    0    0    0    0]
[   0    0    0    1    0    0    0    0]
[   0    0    0    0    1    0    0    0]
[   0    0    0    0    0    1    0    0]
[   0    0    0    0    0    0    1    0]
[   0    0    0    0    0    0    0    1])
Nope! w/ p
[0, 0, 0, 2, 5, 4, 1, 5, 6, 2, 5, 1, 2, 5, 5, 2, 1, 2, 1]
([   1    0    0    0 x_00]
[   0    1    0    0 x_01]
[   0    0    1    0 x_02]
[   0    0    0    1 x_03], [0 0 1 0 0 0 0 0]
[0 0 0 1 0 0 0 0]
[0 0 0 0 1 0 0 0]
[0 0 0 0 0 1 0 0]
[0 0 0 0 0 0 1 0]
[0 0 0 0 0 0 0 1])
Nope! w/ p
[0, 0, 0, 2, 5, 4, 1, 5, 6, 2, 5, 1, 2, 5, 5, 2, 1, 2, 1]
([   1    0    0 x_00    0]
[   0    1    0 x_01    0]
[   0    0    1 x_02    0]
[   0    0    0    0    1], [    1     0     0     0     0     0  x_10  x_11]
[    0     1     0     0     0     0  x_12  x_13]
[    0     0     1     0     0     0  x_14  x_15]
[    0     0     0     1     0     0  x_16  x_17]
[    0     0     0     0     1     0  x_18  x_19]
[    0     0     0     0     0     1 x_110 x_111])
Nope! w/ p
[0, 0, 0, 2, 5, 4, 1, 5, 6, 2, 5, 1, 2, 5, 5, 2, 1, 2, 1]
([   1    0    0 x_00    0]
[   0    1    0 x_01    0]
[   0    0    1 x_02    0]
[   0    0    0    0    1], [    1     0     0     0     0  x_10     0  x_11]
[    0     1     0     0     0  x_12     0  x_13]
[    0     0     1     0     0  x_14     0  x_15]
[    0     0     0     1     0  x_16     0  x_17]
[    0     0     0     0     1  x_18     0  x_19]
[    0     0     0     0     0     0     1 x_110])
Nope! w/ p
[0, 0, 0, 2, 5, 4, 1, 5, 6, 2, 5, 1, 2, 5, 5, 2, 1, 2, 1]
([   1    0    0 x_00    0]
[   0    1    0 x_01    0]
[   0    0    1 x_02    0]
[   0    0    0    0    1], [   1    0    0    0    0 x_10 x_11    0]
[   0    1    0    0    0 x_12 x_13    0]
[   0    0    1    0    0 x_14 x_15    0]
[   0    0    0    1    0 x_16 x_17    0]
[   0    0    0    0    1 x_18 x_19    0]
[   0    0    0    0    0    0    0    1])
Nope! w/ p
[0, 0, 0, 2, 5, 4, 1, 5, 6, 2, 5, 1, 2, 5, 5, 2, 1, 2, 1]
([   1    0    0 x_00    0]
[   0    1    0 x_01    0]
[   0    0    1 x_02    0]
[   0    0    0    0    1], [   1    0    0    0 x_10    0    0 x_11]
[   0    1    0    0 x_12    0    0 x_13]
[   0    0    1    0 x_14    0    0 x_15]
[   0    0    0    1 x_16    0    0 x_17]
[   0    0    0    0    0    1    0 x_18]
[   0    0    0    0    0    0    1 x_19])
Nope! w/ p
[0, 0, 0, 2, 5, 4, 1, 5, 6, 2, 5, 1, 2, 5, 5, 2, 1, 2, 1]
([   1    0    0 x_00    0]
[   0    1    0 x_01    0]
[   0    0    1 x_02    0]
[   0    0    0    0    1], [   1    0    0    0 x_10    0 x_11    0]
[   0    1    0    0 x_12    0 x_13    0]
[   0    0    1    0 x_14    0 x_15    0]
[   0    0    0    1 x_16    0 x_17    0]
[   0    0    0    0    0    1 x_18    0]
[   0    0    0    0    0    0    0    1])
Nope! w/ p
[0, 0, 0, 2, 5, 4, 1, 5, 6, 2, 5, 1, 2, 5, 5, 2, 1, 2, 1]
([   1    0    0 x_00    0]
[   0    1    0 x_01    0]
[   0    0    1 x_02    0]
[   0    0    0    0    1], [   1    0    0    0 x_10 x_11    0    0]
[   0    1    0    0 x_12 x_13    0    0]
[   0    0    1    0 x_14 x_15    0    0]
[   0    0    0    1 x_16 x_17    0    0]
[   0    0    0    0    0    0    1    0]
[   0    0    0    0    0    0    0    1])
Nope! w/ p
[0, 0, 0, 2, 5, 4, 1, 5, 6, 2, 5, 1, 2, 5, 5, 2, 1, 2, 1]
([   1    0    0 x_00    0]
[   0    1    0 x_01    0]
[   0    0    1 x_02    0]
[   0    0    0    0    1], [   1    0    0 x_10    0    0    0 x_11]
[   0    1    0 x_12    0    0    0 x_13]
[   0    0    1 x_14    0    0    0 x_15]
[   0    0    0    0    1    0    0 x_16]
[   0    0    0    0    0    1    0 x_17]
[   0    0    0    0    0    0    1 x_18])
Nope! w/ p
[0, 0, 0, 2, 5, 4, 1, 5, 6, 2, 5, 1, 2, 5, 5, 2, 1, 2, 1]
([   1    0    0 x_00    0]
[   0    1    0 x_01    0]
[   0    0    1 x_02    0]
[   0    0    0    0    1], [   1    0    0 x_10    0    0 x_11    0]
[   0    1    0 x_12    0    0 x_13    0]
[   0    0    1 x_14    0    0 x_15    0]
[   0    0    0    0    1    0 x_16    0]
[   0    0    0    0    0    1 x_17    0]
[   0    0    0    0    0    0    0    1])
Nope! w/ p
[0, 0, 0, 2, 5, 4, 1, 5, 6, 2, 5, 1, 2, 5, 5, 2, 1, 2, 1]
([   1    0    0 x_00    0]
[   0    1    0 x_01    0]
[   0    0    1 x_02    0]
[   0    0    0    0    1], [   1    0    0 x_10    0 x_11    0    0]
[   0    1    0 x_12    0 x_13    0    0]
[   0    0    1 x_14    0 x_15    0    0]
[   0    0    0    0    1 x_16    0    0]
[   0    0    0    0    0    0    1    0]
[   0    0    0    0    0    0    0    1])
Nope! w/ p
[0, 0, 0, 2, 5, 4, 1, 5, 6, 2, 5, 1, 2, 5, 5, 2, 1, 2, 1]
([   1    0    0 x_00    0]
[   0    1    0 x_01    0]
[   0    0    1 x_02    0]
[   0    0    0    0    1], [   1    0    0 x_10 x_11    0    0    0]
[   0    1    0 x_12 x_13    0    0    0]
[   0    0    1 x_14 x_15    0    0    0]
[   0    0    0    0    0    1    0    0]
[   0    0    0    0    0    0    1    0]
[   0    0    0    0    0    0    0    1])
Nope! w/ p
[0, 0, 0, 2, 5, 4, 1, 5, 6, 2, 5, 1, 2, 5, 5, 2, 1, 2, 1]
([   1    0    0 x_00    0]
[   0    1    0 x_01    0]
[   0    0    1 x_02    0]
[   0    0    0    0    1], [   1    0 x_10    0    0    0    0 x_11]
[   0    1 x_12    0    0    0    0 x_13]
[   0    0    0    1    0    0    0 x_14]
[   0    0    0    0    1    0    0 x_15]
[   0    0    0    0    0    1    0 x_16]
[   0    0    0    0    0    0    1 x_17])
Nope! w/ p
[0, 0, 0, 2, 5, 4, 1, 5, 6, 2, 5, 1, 2, 5, 5, 2, 1, 2, 1]
([   1    0    0 x_00    0]
[   0    1    0 x_01    0]
[   0    0    1 x_02    0]
[   0    0    0    0    1], [   1    0 x_10    0    0    0 x_11    0]
[   0    1 x_12    0    0    0 x_13    0]
[   0    0    0    1    0    0 x_14    0]
[   0    0    0    0    1    0 x_15    0]
[   0    0    0    0    0    1 x_16    0]
[   0    0    0    0    0    0    0    1])
Nope! w/ p
[0, 0, 0, 2, 5, 4, 1, 5, 6, 2, 5, 1, 2, 5, 5, 2, 1, 2, 1]
([   1    0    0 x_00    0]
[   0    1    0 x_01    0]
[   0    0    1 x_02    0]
[   0    0    0    0    1], [   1    0 x_10    0    0 x_11    0    0]
[   0    1 x_12    0    0 x_13    0    0]
[   0    0    0    1    0 x_14    0    0]
[   0    0    0    0    1 x_15    0    0]
[   0    0    0    0    0    0    1    0]
[   0    0    0    0    0    0    0    1])
Nope! w/ p
[0, 0, 0, 2, 5, 4, 1, 5, 6, 2, 5, 1, 2, 5, 5, 2, 1, 2, 1]
([   1    0    0 x_00    0]
[   0    1    0 x_01    0]
[   0    0    1 x_02    0]
[   0    0    0    0    1], [   1    0 x_10    0 x_11    0    0    0]
[   0    1 x_12    0 x_13    0    0    0]
[   0    0    0    1 x_14    0    0    0]
[   0    0    0    0    0    1    0    0]
[   0    0    0    0    0    0    1    0]
[   0    0    0    0    0    0    0    1])
Nope! w/ p
[0, 0, 0, 2, 5, 4, 1, 5, 6, 2, 5, 1, 2, 5, 5, 2, 1, 2, 1]
([   1    0    0 x_00    0]
[   0    1    0 x_01    0]
[   0    0    1 x_02    0]
[   0    0    0    0    1], [   1    0 x_10 x_11    0    0    0    0]
[   0    1 x_12 x_13    0    0    0    0]
[   0    0    0    0    1    0    0    0]
[   0    0    0    0    0    1    0    0]
[   0    0    0    0    0    0    1    0]
[   0    0    0    0    0    0    0    1])
Nope! w/ p
[0, 0, 0, 2, 5, 4, 1, 5, 6, 2, 5, 1, 2, 5, 5, 2, 1, 2, 1]
([   1    0    0 x_00    0]
[   0    1    0 x_01    0]
[   0    0    1 x_02    0]
[   0    0    0    0    1], [   1 x_10    0    0    0    0    0 x_11]
[   0    0    1    0    0    0    0 x_12]
[   0    0    0    1    0    0    0 x_13]
[   0    0    0    0    1    0    0 x_14]
[   0    0    0    0    0    1    0 x_15]
[   0    0    0    0    0    0    1 x_16])
Nope! w/ p
[0, 0, 0, 2, 5, 4, 1, 5, 6, 2, 5, 1, 2, 5, 5, 2, 1, 2, 1]
([   1    0    0 x_00    0]
[   0    1    0 x_01    0]
[   0    0    1 x_02    0]
[   0    0    0    0    1], [   1 x_10    0    0    0    0 x_11    0]
[   0    0    1    0    0    0 x_12    0]
[   0    0    0    1    0    0 x_13    0]
[   0    0    0    0    1    0 x_14    0]
[   0    0    0    0    0    1 x_15    0]
[   0    0    0    0    0    0    0    1])
Nope! w/ p
[0, 0, 0, 2, 5, 4, 1, 5, 6, 2, 5, 1, 2, 5, 5, 2, 1, 2, 1]
([   1    0    0 x_00    0]
[   0    1    0 x_01    0]
[   0    0    1 x_02    0]
[   0    0    0    0    1], [   1 x_10    0    0    0 x_11    0    0]
[   0    0    1    0    0 x_12    0    0]
[   0    0    0    1    0 x_13    0    0]
[   0    0    0    0    1 x_14    0    0]
[   0    0    0    0    0    0    1    0]
[   0    0    0    0    0    0    0    1])
Nope! w/ p
[0, 0, 0, 2, 5, 4, 1, 5, 6, 2, 5, 1, 2, 5, 5, 2, 1, 2, 1]
([   1    0    0 x_00    0]
[   0    1    0 x_01    0]
[   0    0    1 x_02    0]
[   0    0    0    0    1], [   1 x_10    0    0 x_11    0    0    0]
[   0    0    1    0 x_12    0    0    0]
[   0    0    0    1 x_13    0    0    0]
[   0    0    0    0    0    1    0    0]
[   0    0    0    0    0    0    1    0]
[   0    0    0    0    0    0    0    1])
Nope! w/ p
[0, 0, 0, 2, 5, 4, 1, 5, 6, 2, 5, 1, 2, 5, 5, 2, 1, 2, 1]
([   1    0    0 x_00    0]
[   0    1    0 x_01    0]
[   0    0    1 x_02    0]
[   0    0    0    0    1], [   1 x_10    0 x_11    0    0    0    0]
[   0    0    1 x_12    0    0    0    0]
[   0    0    0    0    1    0    0    0]
[   0    0    0    0    0    1    0    0]
[   0    0    0    0    0    0    1    0]
[   0    0    0    0    0    0    0    1])
Nope! w/ p
[0, 0, 0, 2, 5, 4, 1, 5, 6, 2, 5, 1, 2, 5, 5, 2, 1, 2, 1]
([   1    0    0 x_00    0]
[   0    1    0 x_01    0]
[   0    0    1 x_02    0]
[   0    0    0    0    1], [   1 x_10 x_11    0    0    0    0    0]
[   0    0    0    1    0    0    0    0]
[   0    0    0    0    1    0    0    0]
[   0    0    0    0    0    1    0    0]
[   0    0    0    0    0    0    1    0]
[   0    0    0    0    0    0    0    1])
Nope! w/ p
[0, 0, 0, 2, 5, 4, 1, 5, 6, 2, 5, 1, 2, 5, 5, 2, 1, 2, 1]
([   1    0    0 x_00    0]
[   0    1    0 x_01    0]
[   0    0    1 x_02    0]
[   0    0    0    0    1], [   0    1    0    0    0    0    0 x_10]
[   0    0    1    0    0    0    0 x_11]
[   0    0    0    1    0    0    0 x_12]
[   0    0    0    0    1    0    0 x_13]
[   0    0    0    0    0    1    0 x_14]
[   0    0    0    0    0    0    1 x_15])
Nope! w/ p
[0, 0, 0, 2, 5, 4, 1, 5, 6, 2, 5, 1, 2, 5, 5, 2, 1, 2, 1]
([   1    0    0 x_00    0]
[   0    1    0 x_01    0]
[   0    0    1 x_02    0]
[   0    0    0    0    1], [   0    1    0    0    0    0 x_10    0]
[   0    0    1    0    0    0 x_11    0]
[   0    0    0    1    0    0 x_12    0]
[   0    0    0    0    1    0 x_13    0]
[   0    0    0    0    0    1 x_14    0]
[   0    0    0    0    0    0    0    1])
Nope! w/ p
[0, 0, 0, 2, 5, 4, 1, 5, 6, 2, 5, 1, 2, 5, 5, 2, 1, 2, 1]
([   1    0    0 x_00    0]
[   0    1    0 x_01    0]
[   0    0    1 x_02    0]
[   0    0    0    0    1], [   0    1    0    0    0 x_10    0    0]
[   0    0    1    0    0 x_11    0    0]
[   0    0    0    1    0 x_12    0    0]
[   0    0    0    0    1 x_13    0    0]
[   0    0    0    0    0    0    1    0]
[   0    0    0    0    0    0    0    1])
Nope! w/ p
[0, 0, 0, 2, 5, 4, 1, 5, 6, 2, 5, 1, 2, 5, 5, 2, 1, 2, 1]
([   1    0    0 x_00    0]
[   0    1    0 x_01    0]
[   0    0    1 x_02    0]
[   0    0    0    0    1], [   0    1    0    0 x_10    0    0    0]
[   0    0    1    0 x_11    0    0    0]
[   0    0    0    1 x_12    0    0    0]
[   0    0    0    0    0    1    0    0]
[   0    0    0    0    0    0    1    0]
[   0    0    0    0    0    0    0    1])
Nope! w/ p
[0, 0, 0, 2, 5, 4, 1, 5, 6, 2, 5, 1, 2, 5, 5, 2, 1, 2, 1]
([   1    0    0 x_00    0]
[   0    1    0 x_01    0]
[   0    0    1 x_02    0]
[   0    0    0    0    1], [   0    1    0 x_10    0    0    0    0]
[   0    0    1 x_11    0    0    0    0]
[   0    0    0    0    1    0    0    0]
[   0    0    0    0    0    1    0    0]
[   0    0    0    0    0    0    1    0]
[   0    0    0    0    0    0    0    1])
Nope! w/ p
[0, 0, 0, 2, 5, 4, 1, 5, 6, 2, 5, 1, 2, 5, 5, 2, 1, 2, 1]
([   1    0    0 x_00    0]
[   0    1    0 x_01    0]
[   0    0    1 x_02    0]
[   0    0    0    0    1], [   0    1 x_10    0    0    0    0    0]
[   0    0    0    1    0    0    0    0]
[   0    0    0    0    1    0    0    0]
[   0    0    0    0    0    1    0    0]
[   0    0    0    0    0    0    1    0]
[   0    0    0    0    0    0    0    1])
Nope! w/ p
[0, 0, 0, 2, 5, 4, 1, 5, 6, 2, 5, 1, 2, 5, 5, 2, 1, 2, 1]
([   1    0    0 x_00    0]
[   0    1    0 x_01    0]
[   0    0    1 x_02    0]
[   0    0    0    0    1], [0 0 1 0 0 0 0 0]
[0 0 0 1 0 0 0 0]
[0 0 0 0 1 0 0 0]
[0 0 0 0 0 1 0 0]
[0 0 0 0 0 0 1 0]
[0 0 0 0 0 0 0 1])
Nope! w/ p
[0, 0, 0, 2, 5, 4, 1, 5, 6, 2, 5, 1, 2, 5, 5, 2, 1, 2, 1]
([   1    0 x_00    0    0]
[   0    1 x_01    0    0]
[   0    0    0    1    0]
[   0    0    0    0    1], [    1     0     0     0     0     0  x_10  x_11]
[    0     1     0     0     0     0  x_12  x_13]
[    0     0     1     0     0     0  x_14  x_15]
[    0     0     0     1     0     0  x_16  x_17]
[    0     0     0     0     1     0  x_18  x_19]
[    0     0     0     0     0     1 x_110 x_111])
Nope! w/ p
[0, 0, 0, 2, 5, 4, 1, 5, 6, 2, 5, 1, 2, 5, 5, 2, 1, 2, 1]
([   1    0 x_00    0    0]
[   0    1 x_01    0    0]
[   0    0    0    1    0]
[   0    0    0    0    1], [    1     0     0     0     0  x_10     0  x_11]
[    0     1     0     0     0  x_12     0  x_13]
[    0     0     1     0     0  x_14     0  x_15]
[    0     0     0     1     0  x_16     0  x_17]
[    0     0     0     0     1  x_18     0  x_19]
[    0     0     0     0     0     0     1 x_110])
Nope! w/ p
[0, 0, 0, 2, 5, 4, 1, 5, 6, 2, 5, 1, 2, 5, 5, 2, 1, 2, 1]
([   1    0 x_00    0    0]
[   0    1 x_01    0    0]
[   0    0    0    1    0]
[   0    0    0    0    1], [   1    0    0    0    0 x_10 x_11    0]
[   0    1    0    0    0 x_12 x_13    0]
[   0    0    1    0    0 x_14 x_15    0]
[   0    0    0    1    0 x_16 x_17    0]
[   0    0    0    0    1 x_18 x_19    0]
[   0    0    0    0    0    0    0    1])
Nope! w/ p
[0, 0, 0, 2, 5, 4, 1, 5, 6, 2, 5, 1, 2, 5, 5, 2, 1, 2, 1]
([   1    0 x_00    0    0]
[   0    1 x_01    0    0]
[   0    0    0    1    0]
[   0    0    0    0    1], [   1    0    0    0 x_10    0    0 x_11]
[   0    1    0    0 x_12    0    0 x_13]
[   0    0    1    0 x_14    0    0 x_15]
[   0    0    0    1 x_16    0    0 x_17]
[   0    0    0    0    0    1    0 x_18]
[   0    0    0    0    0    0    1 x_19])
Nope! w/ p
[0, 0, 0, 2, 5, 4, 1, 5, 6, 2, 5, 1, 2, 5, 5, 2, 1, 2, 1]
([   1    0 x_00    0    0]
[   0    1 x_01    0    0]
[   0    0    0    1    0]
[   0    0    0    0    1], [   1    0    0    0 x_10    0 x_11    0]
[   0    1    0    0 x_12    0 x_13    0]
[   0    0    1    0 x_14    0 x_15    0]
[   0    0    0    1 x_16    0 x_17    0]
[   0    0    0    0    0    1 x_18    0]
[   0    0    0    0    0    0    0    1])
Nope! w/ p
[0, 0, 0, 2, 5, 4, 1, 5, 6, 2, 5, 1, 2, 5, 5, 2, 1, 2, 1]
([   1    0 x_00    0    0]
[   0    1 x_01    0    0]
[   0    0    0    1    0]
[   0    0    0    0    1], [   1    0    0    0 x_10 x_11    0    0]
[   0    1    0    0 x_12 x_13    0    0]
[   0    0    1    0 x_14 x_15    0    0]
[   0    0    0    1 x_16 x_17    0    0]
[   0    0    0    0    0    0    1    0]
[   0    0    0    0    0    0    0    1])
Nope! w/ p
[0, 0, 0, 2, 5, 4, 1, 5, 6, 2, 5, 1, 2, 5, 5, 2, 1, 2, 1]
([   1    0 x_00    0    0]
[   0    1 x_01    0    0]
[   0    0    0    1    0]
[   0    0    0    0    1], [   1    0    0 x_10    0    0    0 x_11]
[   0    1    0 x_12    0    0    0 x_13]
[   0    0    1 x_14    0    0    0 x_15]
[   0    0    0    0    1    0    0 x_16]
[   0    0    0    0    0    1    0 x_17]
[   0    0    0    0    0    0    1 x_18])
Nope! w/ p
[0, 0, 0, 2, 5, 4, 1, 5, 6, 2, 5, 1, 2, 5, 5, 2, 1, 2, 1]
([   1    0 x_00    0    0]
[   0    1 x_01    0    0]
[   0    0    0    1    0]
[   0    0    0    0    1], [   1    0    0 x_10    0    0 x_11    0]
[   0    1    0 x_12    0    0 x_13    0]
[   0    0    1 x_14    0    0 x_15    0]
[   0    0    0    0    1    0 x_16    0]
[   0    0    0    0    0    1 x_17    0]
[   0    0    0    0    0    0    0    1])
Nope! w/ p
[0, 0, 0, 2, 5, 4, 1, 5, 6, 2, 5, 1, 2, 5, 5, 2, 1, 2, 1]
([   1    0 x_00    0    0]
[   0    1 x_01    0    0]
[   0    0    0    1    0]
[   0    0    0    0    1], [   1    0    0 x_10    0 x_11    0    0]
[   0    1    0 x_12    0 x_13    0    0]
[   0    0    1 x_14    0 x_15    0    0]
[   0    0    0    0    1 x_16    0    0]
[   0    0    0    0    0    0    1    0]
[   0    0    0    0    0    0    0    1])
Nope! w/ p
[0, 0, 0, 2, 5, 4, 1, 5, 6, 2, 5, 1, 2, 5, 5, 2, 1, 2, 1]
([   1    0 x_00    0    0]
[   0    1 x_01    0    0]
[   0    0    0    1    0]
[   0    0    0    0    1], [   1    0    0 x_10 x_11    0    0    0]
[   0    1    0 x_12 x_13    0    0    0]
[   0    0    1 x_14 x_15    0    0    0]
[   0    0    0    0    0    1    0    0]
[   0    0    0    0    0    0    1    0]
[   0    0    0    0    0    0    0    1])
Nope! w/ p
[0, 0, 0, 2, 5, 4, 1, 5, 6, 2, 5, 1, 2, 5, 5, 2, 1, 2, 1]
([   1    0 x_00    0    0]
[   0    1 x_01    0    0]
[   0    0    0    1    0]
[   0    0    0    0    1], [   1    0 x_10    0    0    0    0 x_11]
[   0    1 x_12    0    0    0    0 x_13]
[   0    0    0    1    0    0    0 x_14]
[   0    0    0    0    1    0    0 x_15]
[   0    0    0    0    0    1    0 x_16]
[   0    0    0    0    0    0    1 x_17])
Nope! w/ p
[0, 0, 0, 2, 5, 4, 1, 5, 6, 2, 5, 1, 2, 5, 5, 2, 1, 2, 1]
([   1    0 x_00    0    0]
[   0    1 x_01    0    0]
[   0    0    0    1    0]
[   0    0    0    0    1], [   1    0 x_10    0    0    0 x_11    0]
[   0    1 x_12    0    0    0 x_13    0]
[   0    0    0    1    0    0 x_14    0]
[   0    0    0    0    1    0 x_15    0]
[   0    0    0    0    0    1 x_16    0]
[   0    0    0    0    0    0    0    1])
Nope! w/ p
[0, 0, 0, 2, 5, 4, 1, 5, 6, 2, 5, 1, 2, 5, 5, 2, 1, 2, 1]
([   1    0 x_00    0    0]
[   0    1 x_01    0    0]
[   0    0    0    1    0]
[   0    0    0    0    1], [   1    0 x_10    0    0 x_11    0    0]
[   0    1 x_12    0    0 x_13    0    0]
[   0    0    0    1    0 x_14    0    0]
[   0    0    0    0    1 x_15    0    0]
[   0    0    0    0    0    0    1    0]
[   0    0    0    0    0    0    0    1])
Nope! w/ p
[0, 0, 0, 2, 5, 4, 1, 5, 6, 2, 5, 1, 2, 5, 5, 2, 1, 2, 1]
([   1    0 x_00    0    0]
[   0    1 x_01    0    0]
[   0    0    0    1    0]
[   0    0    0    0    1], [   1    0 x_10    0 x_11    0    0    0]
[   0    1 x_12    0 x_13    0    0    0]
[   0    0    0    1 x_14    0    0    0]
[   0    0    0    0    0    1    0    0]
[   0    0    0    0    0    0    1    0]
[   0    0    0    0    0    0    0    1])
Nope! w/ p
[0, 0, 0, 2, 5, 4, 1, 5, 6, 2, 5, 1, 2, 5, 5, 2, 1, 2, 1]
([   1    0 x_00    0    0]
[   0    1 x_01    0    0]
[   0    0    0    1    0]
[   0    0    0    0    1], [   1    0 x_10 x_11    0    0    0    0]
[   0    1 x_12 x_13    0    0    0    0]
[   0    0    0    0    1    0    0    0]
[   0    0    0    0    0    1    0    0]
[   0    0    0    0    0    0    1    0]
[   0    0    0    0    0    0    0    1])
Nope! w/ p
[0, 0, 0, 2, 5, 4, 1, 5, 6, 2, 5, 1, 2, 5, 5, 2, 1, 2, 1]
([   1    0 x_00    0    0]
[   0    1 x_01    0    0]
[   0    0    0    1    0]
[   0    0    0    0    1], [   1 x_10    0    0    0    0    0 x_11]
[   0    0    1    0    0    0    0 x_12]
[   0    0    0    1    0    0    0 x_13]
[   0    0    0    0    1    0    0 x_14]
[   0    0    0    0    0    1    0 x_15]
[   0    0    0    0    0    0    1 x_16])
Nope! w/ p
[0, 0, 0, 2, 5, 4, 1, 5, 6, 2, 5, 1, 2, 5, 5, 2, 1, 2, 1]
([   1    0 x_00    0    0]
[   0    1 x_01    0    0]
[   0    0    0    1    0]
[   0    0    0    0    1], [   1 x_10    0    0    0    0 x_11    0]
[   0    0    1    0    0    0 x_12    0]
[   0    0    0    1    0    0 x_13    0]
[   0    0    0    0    1    0 x_14    0]
[   0    0    0    0    0    1 x_15    0]
[   0    0    0    0    0    0    0    1])
Nope! w/ p
[0, 0, 0, 2, 5, 4, 1, 5, 6, 2, 5, 1, 2, 5, 5, 2, 1, 2, 1]
([   1    0 x_00    0    0]
[   0    1 x_01    0    0]
[   0    0    0    1    0]
[   0    0    0    0    1], [   1 x_10    0    0    0 x_11    0    0]
[   0    0    1    0    0 x_12    0    0]
[   0    0    0    1    0 x_13    0    0]
[   0    0    0    0    1 x_14    0    0]
[   0    0    0    0    0    0    1    0]
[   0    0    0    0    0    0    0    1])
Nope! w/ p
[0, 0, 0, 2, 5, 4, 1, 5, 6, 2, 5, 1, 2, 5, 5, 2, 1, 2, 1]
([   1    0 x_00    0    0]
[   0    1 x_01    0    0]
[   0    0    0    1    0]
[   0    0    0    0    1], [   1 x_10    0    0 x_11    0    0    0]
[   0    0    1    0 x_12    0    0    0]
[   0    0    0    1 x_13    0    0    0]
[   0    0    0    0    0    1    0    0]
[   0    0    0    0    0    0    1    0]
[   0    0    0    0    0    0    0    1])
Nope! w/ p
[0, 0, 0, 2, 5, 4, 1, 5, 6, 2, 5, 1, 2, 5, 5, 2, 1, 2, 1]
([   1    0 x_00    0    0]
[   0    1 x_01    0    0]
[   0    0    0    1    0]
[   0    0    0    0    1], [   1 x_10    0 x_11    0    0    0    0]
[   0    0    1 x_12    0    0    0    0]
[   0    0    0    0    1    0    0    0]
[   0    0    0    0    0    1    0    0]
[   0    0    0    0    0    0    1    0]
[   0    0    0    0    0    0    0    1])
Nope! w/ p
[0, 0, 0, 2, 5, 4, 1, 5, 6, 2, 5, 1, 2, 5, 5, 2, 1, 2, 1]
([   1    0 x_00    0    0]
[   0    1 x_01    0    0]
[   0    0    0    1    0]
[   0    0    0    0    1], [   1 x_10 x_11    0    0    0    0    0]
[   0    0    0    1    0    0    0    0]
[   0    0    0    0    1    0    0    0]
[   0    0    0    0    0    1    0    0]
[   0    0    0    0    0    0    1    0]
[   0    0    0    0    0    0    0    1])
Nope! w/ p
[0, 0, 0, 2, 5, 4, 1, 5, 6, 2, 5, 1, 2, 5, 5, 2, 1, 2, 1]
([   1    0 x_00    0    0]
[   0    1 x_01    0    0]
[   0    0    0    1    0]
[   0    0    0    0    1], [   0    1    0    0    0    0    0 x_10]
[   0    0    1    0    0    0    0 x_11]
[   0    0    0    1    0    0    0 x_12]
[   0    0    0    0    1    0    0 x_13]
[   0    0    0    0    0    1    0 x_14]
[   0    0    0    0    0    0    1 x_15])
Nope! w/ p
[0, 0, 0, 2, 5, 4, 1, 5, 6, 2, 5, 1, 2, 5, 5, 2, 1, 2, 1]
([   1    0 x_00    0    0]
[   0    1 x_01    0    0]
[   0    0    0    1    0]
[   0    0    0    0    1], [   0    1    0    0    0    0 x_10    0]
[   0    0    1    0    0    0 x_11    0]
[   0    0    0    1    0    0 x_12    0]
[   0    0    0    0    1    0 x_13    0]
[   0    0    0    0    0    1 x_14    0]
[   0    0    0    0    0    0    0    1])
Nope! w/ p
[0, 0, 0, 2, 5, 4, 1, 5, 6, 2, 5, 1, 2, 5, 5, 2, 1, 2, 1]
([   1    0 x_00    0    0]
[   0    1 x_01    0    0]
[   0    0    0    1    0]
[   0    0    0    0    1], [   0    1    0    0    0 x_10    0    0]
[   0    0    1    0    0 x_11    0    0]
[   0    0    0    1    0 x_12    0    0]
[   0    0    0    0    1 x_13    0    0]
[   0    0    0    0    0    0    1    0]
[   0    0    0    0    0    0    0    1])
Nope! w/ p
[0, 0, 0, 2, 5, 4, 1, 5, 6, 2, 5, 1, 2, 5, 5, 2, 1, 2, 1]
([   1    0 x_00    0    0]
[   0    1 x_01    0    0]
[   0    0    0    1    0]
[   0    0    0    0    1], [   0    1    0    0 x_10    0    0    0]
[   0    0    1    0 x_11    0    0    0]
[   0    0    0    1 x_12    0    0    0]
[   0    0    0    0    0    1    0    0]
[   0    0    0    0    0    0    1    0]
[   0    0    0    0    0    0    0    1])
Nope! w/ p
[0, 0, 0, 2, 5, 4, 1, 5, 6, 2, 5, 1, 2, 5, 5, 2, 1, 2, 1]
([   1    0 x_00    0    0]
[   0    1 x_01    0    0]
[   0    0    0    1    0]
[   0    0    0    0    1], [   0    1    0 x_10    0    0    0    0]
[   0    0    1 x_11    0    0    0    0]
[   0    0    0    0    1    0    0    0]
[   0    0    0    0    0    1    0    0]
[   0    0    0    0    0    0    1    0]
[   0    0    0    0    0    0    0    1])
Nope! w/ p
[0, 0, 0, 2, 5, 4, 1, 5, 6, 2, 5, 1, 2, 5, 5, 2, 1, 2, 1]
([   1    0 x_00    0    0]
[   0    1 x_01    0    0]
[   0    0    0    1    0]
[   0    0    0    0    1], [   0    1 x_10    0    0    0    0    0]
[   0    0    0    1    0    0    0    0]
[   0    0    0    0    1    0    0    0]
[   0    0    0    0    0    1    0    0]
[   0    0    0    0    0    0    1    0]
[   0    0    0    0    0    0    0    1])
Nope! w/ p
[0, 0, 0, 2, 5, 4, 1, 5, 6, 2, 5, 1, 2, 5, 5, 2, 1, 2, 1]
([   1    0 x_00    0    0]
[   0    1 x_01    0    0]
[   0    0    0    1    0]
[   0    0    0    0    1], [0 0 1 0 0 0 0 0]
[0 0 0 1 0 0 0 0]
[0 0 0 0 1 0 0 0]
[0 0 0 0 0 1 0 0]
[0 0 0 0 0 0 1 0]
[0 0 0 0 0 0 0 1])
Nope! w/ p
[0, 0, 0, 2, 5, 4, 1, 5, 6, 2, 5, 1, 2, 5, 5, 2, 1, 2, 1]
([   1 x_00    0    0    0]
[   0    0    1    0    0]
[   0    0    0    1    0]
[   0    0    0    0    1], [    1     0     0     0     0     0  x_10  x_11]
[    0     1     0     0     0     0  x_12  x_13]
[    0     0     1     0     0     0  x_14  x_15]
[    0     0     0     1     0     0  x_16  x_17]
[    0     0     0     0     1     0  x_18  x_19]
[    0     0     0     0     0     1 x_110 x_111])
Nope! w/ p
[0, 0, 0, 2, 5, 4, 1, 5, 6, 2, 5, 1, 2, 5, 5, 2, 1, 2, 1]
([   1 x_00    0    0    0]
[   0    0    1    0    0]
[   0    0    0    1    0]
[   0    0    0    0    1], [    1     0     0     0     0  x_10     0  x_11]
[    0     1     0     0     0  x_12     0  x_13]
[    0     0     1     0     0  x_14     0  x_15]
[    0     0     0     1     0  x_16     0  x_17]
[    0     0     0     0     1  x_18     0  x_19]
[    0     0     0     0     0     0     1 x_110])
Nope! w/ p
[0, 0, 0, 2, 5, 4, 1, 5, 6, 2, 5, 1, 2, 5, 5, 2, 1, 2, 1]
([   1 x_00    0    0    0]
[   0    0    1    0    0]
[   0    0    0    1    0]
[   0    0    0    0    1], [   1    0    0    0    0 x_10 x_11    0]
[   0    1    0    0    0 x_12 x_13    0]
[   0    0    1    0    0 x_14 x_15    0]
[   0    0    0    1    0 x_16 x_17    0]
[   0    0    0    0    1 x_18 x_19    0]
[   0    0    0    0    0    0    0    1])
Nope! w/ p
[0, 0, 0, 2, 5, 4, 1, 5, 6, 2, 5, 1, 2, 5, 5, 2, 1, 2, 1]
([   1 x_00    0    0    0]
[   0    0    1    0    0]
[   0    0    0    1    0]
[   0    0    0    0    1], [   1    0    0    0 x_10    0    0 x_11]
[   0    1    0    0 x_12    0    0 x_13]
[   0    0    1    0 x_14    0    0 x_15]
[   0    0    0    1 x_16    0    0 x_17]
[   0    0    0    0    0    1    0 x_18]
[   0    0    0    0    0    0    1 x_19])
Nope! w/ p
[0, 0, 0, 2, 5, 4, 1, 5, 6, 2, 5, 1, 2, 5, 5, 2, 1, 2, 1]
([   1 x_00    0    0    0]
[   0    0    1    0    0]
[   0    0    0    1    0]
[   0    0    0    0    1], [   1    0    0    0 x_10    0 x_11    0]
[   0    1    0    0 x_12    0 x_13    0]
[   0    0    1    0 x_14    0 x_15    0]
[   0    0    0    1 x_16    0 x_17    0]
[   0    0    0    0    0    1 x_18    0]
[   0    0    0    0    0    0    0    1])
Nope! w/ p
[0, 0, 0, 2, 5, 4, 1, 5, 6, 2, 5, 1, 2, 5, 5, 2, 1, 2, 1]
([   1 x_00    0    0    0]
[   0    0    1    0    0]
[   0    0    0    1    0]
[   0    0    0    0    1], [   1    0    0    0 x_10 x_11    0    0]
[   0    1    0    0 x_12 x_13    0    0]
[   0    0    1    0 x_14 x_15    0    0]
[   0    0    0    1 x_16 x_17    0    0]
[   0    0    0    0    0    0    1    0]
[   0    0    0    0    0    0    0    1])
Nope! w/ p
[0, 0, 0, 2, 5, 4, 1, 5, 6, 2, 5, 1, 2, 5, 5, 2, 1, 2, 1]
([   1 x_00    0    0    0]
[   0    0    1    0    0]
[   0    0    0    1    0]
[   0    0    0    0    1], [   1    0    0 x_10    0    0    0 x_11]
[   0    1    0 x_12    0    0    0 x_13]
[   0    0    1 x_14    0    0    0 x_15]
[   0    0    0    0    1    0    0 x_16]
[   0    0    0    0    0    1    0 x_17]
[   0    0    0    0    0    0    1 x_18])
Nope! w/ p
[0, 0, 0, 2, 5, 4, 1, 5, 6, 2, 5, 1, 2, 5, 5, 2, 1, 2, 1]
([   1 x_00    0    0    0]
[   0    0    1    0    0]
[   0    0    0    1    0]
[   0    0    0    0    1], [   1    0    0 x_10    0    0 x_11    0]
[   0    1    0 x_12    0    0 x_13    0]
[   0    0    1 x_14    0    0 x_15    0]
[   0    0    0    0    1    0 x_16    0]
[   0    0    0    0    0    1 x_17    0]
[   0    0    0    0    0    0    0    1])
Nope! w/ p
[0, 0, 0, 2, 5, 4, 1, 5, 6, 2, 5, 1, 2, 5, 5, 2, 1, 2, 1]
([   1 x_00    0    0    0]
[   0    0    1    0    0]
[   0    0    0    1    0]
[   0    0    0    0    1], [   1    0    0 x_10    0 x_11    0    0]
[   0    1    0 x_12    0 x_13    0    0]
[   0    0    1 x_14    0 x_15    0    0]
[   0    0    0    0    1 x_16    0    0]
[   0    0    0    0    0    0    1    0]
[   0    0    0    0    0    0    0    1])
Nope! w/ p
[0, 0, 0, 2, 5, 4, 1, 5, 6, 2, 5, 1, 2, 5, 5, 2, 1, 2, 1]
([   1 x_00    0    0    0]
[   0    0    1    0    0]
[   0    0    0    1    0]
[   0    0    0    0    1], [   1    0    0 x_10 x_11    0    0    0]
[   0    1    0 x_12 x_13    0    0    0]
[   0    0    1 x_14 x_15    0    0    0]
[   0    0    0    0    0    1    0    0]
[   0    0    0    0    0    0    1    0]
[   0    0    0    0    0    0    0    1])
Nope! w/ p
[0, 0, 0, 2, 5, 4, 1, 5, 6, 2, 5, 1, 2, 5, 5, 2, 1, 2, 1]
([   1 x_00    0    0    0]
[   0    0    1    0    0]
[   0    0    0    1    0]
[   0    0    0    0    1], [   1    0 x_10    0    0    0    0 x_11]
[   0    1 x_12    0    0    0    0 x_13]
[   0    0    0    1    0    0    0 x_14]
[   0    0    0    0    1    0    0 x_15]
[   0    0    0    0    0    1    0 x_16]
[   0    0    0    0    0    0    1 x_17])
Nope! w/ p
[0, 0, 0, 2, 5, 4, 1, 5, 6, 2, 5, 1, 2, 5, 5, 2, 1, 2, 1]
([   1 x_00    0    0    0]
[   0    0    1    0    0]
[   0    0    0    1    0]
[   0    0    0    0    1], [   1    0 x_10    0    0    0 x_11    0]
[   0    1 x_12    0    0    0 x_13    0]
[   0    0    0    1    0    0 x_14    0]
[   0    0    0    0    1    0 x_15    0]
[   0    0    0    0    0    1 x_16    0]
[   0    0    0    0    0    0    0    1])
Nope! w/ p
[0, 0, 0, 2, 5, 4, 1, 5, 6, 2, 5, 1, 2, 5, 5, 2, 1, 2, 1]
([   1 x_00    0    0    0]
[   0    0    1    0    0]
[   0    0    0    1    0]
[   0    0    0    0    1], [   1    0 x_10    0    0 x_11    0    0]
[   0    1 x_12    0    0 x_13    0    0]
[   0    0    0    1    0 x_14    0    0]
[   0    0    0    0    1 x_15    0    0]
[   0    0    0    0    0    0    1    0]
[   0    0    0    0    0    0    0    1])
Nope! w/ p
[0, 0, 0, 2, 5, 4, 1, 5, 6, 2, 5, 1, 2, 5, 5, 2, 1, 2, 1]
([   1 x_00    0    0    0]
[   0    0    1    0    0]
[   0    0    0    1    0]
[   0    0    0    0    1], [   1    0 x_10    0 x_11    0    0    0]
[   0    1 x_12    0 x_13    0    0    0]
[   0    0    0    1 x_14    0    0    0]
[   0    0    0    0    0    1    0    0]
[   0    0    0    0    0    0    1    0]
[   0    0    0    0    0    0    0    1])
Nope! w/ p
[0, 0, 0, 2, 5, 4, 1, 5, 6, 2, 5, 1, 2, 5, 5, 2, 1, 2, 1]
([   1 x_00    0    0    0]
[   0    0    1    0    0]
[   0    0    0    1    0]
[   0    0    0    0    1], [   1    0 x_10 x_11    0    0    0    0]
[   0    1 x_12 x_13    0    0    0    0]
[   0    0    0    0    1    0    0    0]
[   0    0    0    0    0    1    0    0]
[   0    0    0    0    0    0    1    0]
[   0    0    0    0    0    0    0    1])
Nope! w/ p
[0, 0, 0, 2, 5, 4, 1, 5, 6, 2, 5, 1, 2, 5, 5, 2, 1, 2, 1]
([   1 x_00    0    0    0]
[   0    0    1    0    0]
[   0    0    0    1    0]
[   0    0    0    0    1], [   1 x_10    0    0    0    0    0 x_11]
[   0    0    1    0    0    0    0 x_12]
[   0    0    0    1    0    0    0 x_13]
[   0    0    0    0    1    0    0 x_14]
[   0    0    0    0    0    1    0 x_15]
[   0    0    0    0    0    0    1 x_16])
Nope! w/ p
[0, 0, 0, 2, 5, 4, 1, 5, 6, 2, 5, 1, 2, 5, 5, 2, 1, 2, 1]
([   1 x_00    0    0    0]
[   0    0    1    0    0]
[   0    0    0    1    0]
[   0    0    0    0    1], [   1 x_10    0    0    0    0 x_11    0]
[   0    0    1    0    0    0 x_12    0]
[   0    0    0    1    0    0 x_13    0]
[   0    0    0    0    1    0 x_14    0]
[   0    0    0    0    0    1 x_15    0]
[   0    0    0    0    0    0    0    1])
Nope! w/ p
[0, 0, 0, 2, 5, 4, 1, 5, 6, 2, 5, 1, 2, 5, 5, 2, 1, 2, 1]
([   1 x_00    0    0    0]
[   0    0    1    0    0]
[   0    0    0    1    0]
[   0    0    0    0    1], [   1 x_10    0    0    0 x_11    0    0]
[   0    0    1    0    0 x_12    0    0]
[   0    0    0    1    0 x_13    0    0]
[   0    0    0    0    1 x_14    0    0]
[   0    0    0    0    0    0    1    0]
[   0    0    0    0    0    0    0    1])
Nope! w/ p
[0, 0, 0, 2, 5, 4, 1, 5, 6, 2, 5, 1, 2, 5, 5, 2, 1, 2, 1]
([   1 x_00    0    0    0]
[   0    0    1    0    0]
[   0    0    0    1    0]
[   0    0    0    0    1], [   1 x_10    0    0 x_11    0    0    0]
[   0    0    1    0 x_12    0    0    0]
[   0    0    0    1 x_13    0    0    0]
[   0    0    0    0    0    1    0    0]
[   0    0    0    0    0    0    1    0]
[   0    0    0    0    0    0    0    1])
Nope! w/ p
[0, 0, 0, 2, 5, 4, 1, 5, 6, 2, 5, 1, 2, 5, 5, 2, 1, 2, 1]
([   1 x_00    0    0    0]
[   0    0    1    0    0]
[   0    0    0    1    0]
[   0    0    0    0    1], [   1 x_10    0 x_11    0    0    0    0]
[   0    0    1 x_12    0    0    0    0]
[   0    0    0    0    1    0    0    0]
[   0    0    0    0    0    1    0    0]
[   0    0    0    0    0    0    1    0]
[   0    0    0    0    0    0    0    1])
Nope! w/ p
[0, 0, 0, 2, 5, 4, 1, 5, 6, 2, 5, 1, 2, 5, 5, 2, 1, 2, 1]
([   1 x_00    0    0    0]
[   0    0    1    0    0]
[   0    0    0    1    0]
[   0    0    0    0    1], [   1 x_10 x_11    0    0    0    0    0]
[   0    0    0    1    0    0    0    0]
[   0    0    0    0    1    0    0    0]
[   0    0    0    0    0    1    0    0]
[   0    0    0    0    0    0    1    0]
[   0    0    0    0    0    0    0    1])
Nope! w/ p
[0, 0, 0, 2, 5, 4, 1, 5, 6, 2, 5, 1, 2, 5, 5, 2, 1, 2, 1]
([   1 x_00    0    0    0]
[   0    0    1    0    0]
[   0    0    0    1    0]
[   0    0    0    0    1], [   0    1    0    0    0    0    0 x_10]
[   0    0    1    0    0    0    0 x_11]
[   0    0    0    1    0    0    0 x_12]
[   0    0    0    0    1    0    0 x_13]
[   0    0    0    0    0    1    0 x_14]
[   0    0    0    0    0    0    1 x_15])
Nope! w/ p
[0, 0, 0, 2, 5, 4, 1, 5, 6, 2, 5, 1, 2, 5, 5, 2, 1, 2, 1]
([   1 x_00    0    0    0]
[   0    0    1    0    0]
[   0    0    0    1    0]
[   0    0    0    0    1], [   0    1    0    0    0    0 x_10    0]
[   0    0    1    0    0    0 x_11    0]
[   0    0    0    1    0    0 x_12    0]
[   0    0    0    0    1    0 x_13    0]
[   0    0    0    0    0    1 x_14    0]
[   0    0    0    0    0    0    0    1])
Nope! w/ p
[0, 0, 0, 2, 5, 4, 1, 5, 6, 2, 5, 1, 2, 5, 5, 2, 1, 2, 1]
([   1 x_00    0    0    0]
[   0    0    1    0    0]
[   0    0    0    1    0]
[   0    0    0    0    1], [   0    1    0    0    0 x_10    0    0]
[   0    0    1    0    0 x_11    0    0]
[   0    0    0    1    0 x_12    0    0]
[   0    0    0    0    1 x_13    0    0]
[   0    0    0    0    0    0    1    0]
[   0    0    0    0    0    0    0    1])
Nope! w/ p
[0, 0, 0, 2, 5, 4, 1, 5, 6, 2, 5, 1, 2, 5, 5, 2, 1, 2, 1]
([   1 x_00    0    0    0]
[   0    0    1    0    0]
[   0    0    0    1    0]
[   0    0    0    0    1], [   0    1    0    0 x_10    0    0    0]
[   0    0    1    0 x_11    0    0    0]
[   0    0    0    1 x_12    0    0    0]
[   0    0    0    0    0    1    0    0]
[   0    0    0    0    0    0    1    0]
[   0    0    0    0    0    0    0    1])
Nope! w/ p
[0, 0, 0, 2, 5, 4, 1, 5, 6, 2, 5, 1, 2, 5, 5, 2, 1, 2, 1]
([   1 x_00    0    0    0]
[   0    0    1    0    0]
[   0    0    0    1    0]
[   0    0    0    0    1], [   0    1    0 x_10    0    0    0    0]
[   0    0    1 x_11    0    0    0    0]
[   0    0    0    0    1    0    0    0]
[   0    0    0    0    0    1    0    0]
[   0    0    0    0    0    0    1    0]
[   0    0    0    0    0    0    0    1])
Nope! w/ p
[0, 0, 0, 2, 5, 4, 1, 5, 6, 2, 5, 1, 2, 5, 5, 2, 1, 2, 1]
([   1 x_00    0    0    0]
[   0    0    1    0    0]
[   0    0    0    1    0]
[   0    0    0    0    1], [   0    1 x_10    0    0    0    0    0]
[   0    0    0    1    0    0    0    0]
[   0    0    0    0    1    0    0    0]
[   0    0    0    0    0    1    0    0]
[   0    0    0    0    0    0    1    0]
[   0    0    0    0    0    0    0    1])
Nope! w/ p
[0, 0, 0, 2, 5, 4, 1, 5, 6, 2, 5, 1, 2, 5, 5, 2, 1, 2, 1]
([   1 x_00    0    0    0]
[   0    0    1    0    0]
[   0    0    0    1    0]
[   0    0    0    0    1], [0 0 1 0 0 0 0 0]
[0 0 0 1 0 0 0 0]
[0 0 0 0 1 0 0 0]
[0 0 0 0 0 1 0 0]
[0 0 0 0 0 0 1 0]
[0 0 0 0 0 0 0 1])
Nope! w/ p
[0, 0, 0, 2, 5, 4, 1, 5, 6, 2, 5, 1, 2, 5, 5, 2, 1, 2, 1]
([0 1 0 0 0]
[0 0 1 0 0]
[0 0 0 1 0]
[0 0 0 0 1], [    1     0     0     0     0     0  x_10  x_11]
[    0     1     0     0     0     0  x_12  x_13]
[    0     0     1     0     0     0  x_14  x_15]
[    0     0     0     1     0     0  x_16  x_17]
[    0     0     0     0     1     0  x_18  x_19]
[    0     0     0     0     0     1 x_110 x_111])
Nope! w/ p
[0, 0, 0, 2, 5, 4, 1, 5, 6, 2, 5, 1, 2, 5, 5, 2, 1, 2, 1]
([0 1 0 0 0]
[0 0 1 0 0]
[0 0 0 1 0]
[0 0 0 0 1], [    1     0     0     0     0  x_10     0  x_11]
[    0     1     0     0     0  x_12     0  x_13]
[    0     0     1     0     0  x_14     0  x_15]
[    0     0     0     1     0  x_16     0  x_17]
[    0     0     0     0     1  x_18     0  x_19]
[    0     0     0     0     0     0     1 x_110])
Nope! w/ p
[0, 0, 0, 2, 5, 4, 1, 5, 6, 2, 5, 1, 2, 5, 5, 2, 1, 2, 1]
([0 1 0 0 0]
[0 0 1 0 0]
[0 0 0 1 0]
[0 0 0 0 1], [   1    0    0    0    0 x_10 x_11    0]
[   0    1    0    0    0 x_12 x_13    0]
[   0    0    1    0    0 x_14 x_15    0]
[   0    0    0    1    0 x_16 x_17    0]
[   0    0    0    0    1 x_18 x_19    0]
[   0    0    0    0    0    0    0    1])
Nope! w/ p
[0, 0, 0, 2, 5, 4, 1, 5, 6, 2, 5, 1, 2, 5, 5, 2, 1, 2, 1]
([0 1 0 0 0]
[0 0 1 0 0]
[0 0 0 1 0]
[0 0 0 0 1], [   1    0    0    0 x_10    0    0 x_11]
[   0    1    0    0 x_12    0    0 x_13]
[   0    0    1    0 x_14    0    0 x_15]
[   0    0    0    1 x_16    0    0 x_17]
[   0    0    0    0    0    1    0 x_18]
[   0    0    0    0    0    0    1 x_19])
Nope! w/ p
[0, 0, 0, 2, 5, 4, 1, 5, 6, 2, 5, 1, 2, 5, 5, 2, 1, 2, 1]
([0 1 0 0 0]
[0 0 1 0 0]
[0 0 0 1 0]
[0 0 0 0 1], [   1    0    0    0 x_10    0 x_11    0]
[   0    1    0    0 x_12    0 x_13    0]
[   0    0    1    0 x_14    0 x_15    0]
[   0    0    0    1 x_16    0 x_17    0]
[   0    0    0    0    0    1 x_18    0]
[   0    0    0    0    0    0    0    1])
Nope! w/ p
[0, 0, 0, 2, 5, 4, 1, 5, 6, 2, 5, 1, 2, 5, 5, 2, 1, 2, 1]
([0 1 0 0 0]
[0 0 1 0 0]
[0 0 0 1 0]
[0 0 0 0 1], [   1    0    0    0 x_10 x_11    0    0]
[   0    1    0    0 x_12 x_13    0    0]
[   0    0    1    0 x_14 x_15    0    0]
[   0    0    0    1 x_16 x_17    0    0]
[   0    0    0    0    0    0    1    0]
[   0    0    0    0    0    0    0    1])
Nope! w/ p
[0, 0, 0, 2, 5, 4, 1, 5, 6, 2, 5, 1, 2, 5, 5, 2, 1, 2, 1]
([0 1 0 0 0]
[0 0 1 0 0]
[0 0 0 1 0]
[0 0 0 0 1], [   1    0    0 x_10    0    0    0 x_11]
[   0    1    0 x_12    0    0    0 x_13]
[   0    0    1 x_14    0    0    0 x_15]
[   0    0    0    0    1    0    0 x_16]
[   0    0    0    0    0    1    0 x_17]
[   0    0    0    0    0    0    1 x_18])
Nope! w/ p
[0, 0, 0, 2, 5, 4, 1, 5, 6, 2, 5, 1, 2, 5, 5, 2, 1, 2, 1]
([0 1 0 0 0]
[0 0 1 0 0]
[0 0 0 1 0]
[0 0 0 0 1], [   1    0    0 x_10    0    0 x_11    0]
[   0    1    0 x_12    0    0 x_13    0]
[   0    0    1 x_14    0    0 x_15    0]
[   0    0    0    0    1    0 x_16    0]
[   0    0    0    0    0    1 x_17    0]
[   0    0    0    0    0    0    0    1])
Nope! w/ p
[0, 0, 0, 2, 5, 4, 1, 5, 6, 2, 5, 1, 2, 5, 5, 2, 1, 2, 1]
([0 1 0 0 0]
[0 0 1 0 0]
[0 0 0 1 0]
[0 0 0 0 1], [   1    0    0 x_10    0 x_11    0    0]
[   0    1    0 x_12    0 x_13    0    0]
[   0    0    1 x_14    0 x_15    0    0]
[   0    0    0    0    1 x_16    0    0]
[   0    0    0    0    0    0    1    0]
[   0    0    0    0    0    0    0    1])
Nope! w/ p
[0, 0, 0, 2, 5, 4, 1, 5, 6, 2, 5, 1, 2, 5, 5, 2, 1, 2, 1]
([0 1 0 0 0]
[0 0 1 0 0]
[0 0 0 1 0]
[0 0 0 0 1], [   1    0    0 x_10 x_11    0    0    0]
[   0    1    0 x_12 x_13    0    0    0]
[   0    0    1 x_14 x_15    0    0    0]
[   0    0    0    0    0    1    0    0]
[   0    0    0    0    0    0    1    0]
[   0    0    0    0    0    0    0    1])
Nope! w/ p
[0, 0, 0, 2, 5, 4, 1, 5, 6, 2, 5, 1, 2, 5, 5, 2, 1, 2, 1]
([0 1 0 0 0]
[0 0 1 0 0]
[0 0 0 1 0]
[0 0 0 0 1], [   1    0 x_10    0    0    0    0 x_11]
[   0    1 x_12    0    0    0    0 x_13]
[   0    0    0    1    0    0    0 x_14]
[   0    0    0    0    1    0    0 x_15]
[   0    0    0    0    0    1    0 x_16]
[   0    0    0    0    0    0    1 x_17])
Nope! w/ p
[0, 0, 0, 2, 5, 4, 1, 5, 6, 2, 5, 1, 2, 5, 5, 2, 1, 2, 1]
([0 1 0 0 0]
[0 0 1 0 0]
[0 0 0 1 0]
[0 0 0 0 1], [   1    0 x_10    0    0    0 x_11    0]
[   0    1 x_12    0    0    0 x_13    0]
[   0    0    0    1    0    0 x_14    0]
[   0    0    0    0    1    0 x_15    0]
[   0    0    0    0    0    1 x_16    0]
[   0    0    0    0    0    0    0    1])
Nope! w/ p
[0, 0, 0, 2, 5, 4, 1, 5, 6, 2, 5, 1, 2, 5, 5, 2, 1, 2, 1]
([0 1 0 0 0]
[0 0 1 0 0]
[0 0 0 1 0]
[0 0 0 0 1], [   1    0 x_10    0    0 x_11    0    0]
[   0    1 x_12    0    0 x_13    0    0]
[   0    0    0    1    0 x_14    0    0]
[   0    0    0    0    1 x_15    0    0]
[   0    0    0    0    0    0    1    0]
[   0    0    0    0    0    0    0    1])
Nope! w/ p
[0, 0, 0, 2, 5, 4, 1, 5, 6, 2, 5, 1, 2, 5, 5, 2, 1, 2, 1]
([0 1 0 0 0]
[0 0 1 0 0]
[0 0 0 1 0]
[0 0 0 0 1], [   1    0 x_10    0 x_11    0    0    0]
[   0    1 x_12    0 x_13    0    0    0]
[   0    0    0    1 x_14    0    0    0]
[   0    0    0    0    0    1    0    0]
[   0    0    0    0    0    0    1    0]
[   0    0    0    0    0    0    0    1])
Nope! w/ p
[0, 0, 0, 2, 5, 4, 1, 5, 6, 2, 5, 1, 2, 5, 5, 2, 1, 2, 1]
([0 1 0 0 0]
[0 0 1 0 0]
[0 0 0 1 0]
[0 0 0 0 1], [   1    0 x_10 x_11    0    0    0    0]
[   0    1 x_12 x_13    0    0    0    0]
[   0    0    0    0    1    0    0    0]
[   0    0    0    0    0    1    0    0]
[   0    0    0    0    0    0    1    0]
[   0    0    0    0    0    0    0    1])
Nope! w/ p
[0, 0, 0, 2, 5, 4, 1, 5, 6, 2, 5, 1, 2, 5, 5, 2, 1, 2, 1]
([0 1 0 0 0]
[0 0 1 0 0]
[0 0 0 1 0]
[0 0 0 0 1], [   1 x_10    0    0    0    0    0 x_11]
[   0    0    1    0    0    0    0 x_12]
[   0    0    0    1    0    0    0 x_13]
[   0    0    0    0    1    0    0 x_14]
[   0    0    0    0    0    1    0 x_15]
[   0    0    0    0    0    0    1 x_16])
Nope! w/ p
[0, 0, 0, 2, 5, 4, 1, 5, 6, 2, 5, 1, 2, 5, 5, 2, 1, 2, 1]
([0 1 0 0 0]
[0 0 1 0 0]
[0 0 0 1 0]
[0 0 0 0 1], [   1 x_10    0    0    0    0 x_11    0]
[   0    0    1    0    0    0 x_12    0]
[   0    0    0    1    0    0 x_13    0]
[   0    0    0    0    1    0 x_14    0]
[   0    0    0    0    0    1 x_15    0]
[   0    0    0    0    0    0    0    1])
Nope! w/ p
[0, 0, 0, 2, 5, 4, 1, 5, 6, 2, 5, 1, 2, 5, 5, 2, 1, 2, 1]
([0 1 0 0 0]
[0 0 1 0 0]
[0 0 0 1 0]
[0 0 0 0 1], [   1 x_10    0    0    0 x_11    0    0]
[   0    0    1    0    0 x_12    0    0]
[   0    0    0    1    0 x_13    0    0]
[   0    0    0    0    1 x_14    0    0]
[   0    0    0    0    0    0    1    0]
[   0    0    0    0    0    0    0    1])
Nope! w/ p
[0, 0, 0, 2, 5, 4, 1, 5, 6, 2, 5, 1, 2, 5, 5, 2, 1, 2, 1]
([0 1 0 0 0]
[0 0 1 0 0]
[0 0 0 1 0]
[0 0 0 0 1], [   1 x_10    0    0 x_11    0    0    0]
[   0    0    1    0 x_12    0    0    0]
[   0    0    0    1 x_13    0    0    0]
[   0    0    0    0    0    1    0    0]
[   0    0    0    0    0    0    1    0]
[   0    0    0    0    0    0    0    1])
Nope! w/ p
[0, 0, 0, 2, 5, 4, 1, 5, 6, 2, 5, 1, 2, 5, 5, 2, 1, 2, 1]
([0 1 0 0 0]
[0 0 1 0 0]
[0 0 0 1 0]
[0 0 0 0 1], [   1 x_10    0 x_11    0    0    0    0]
[   0    0    1 x_12    0    0    0    0]
[   0    0    0    0    1    0    0    0]
[   0    0    0    0    0    1    0    0]
[   0    0    0    0    0    0    1    0]
[   0    0    0    0    0    0    0    1])
Nope! w/ p
[0, 0, 0, 2, 5, 4, 1, 5, 6, 2, 5, 1, 2, 5, 5, 2, 1, 2, 1]
([0 1 0 0 0]
[0 0 1 0 0]
[0 0 0 1 0]
[0 0 0 0 1], [   1 x_10 x_11    0    0    0    0    0]
[   0    0    0    1    0    0    0    0]
[   0    0    0    0    1    0    0    0]
[   0    0    0    0    0    1    0    0]
[   0    0    0    0    0    0    1    0]
[   0    0    0    0    0    0    0    1])
Nope! w/ p
[0, 0, 0, 2, 5, 4, 1, 5, 6, 2, 5, 1, 2, 5, 5, 2, 1, 2, 1]
([0 1 0 0 0]
[0 0 1 0 0]
[0 0 0 1 0]
[0 0 0 0 1], [   0    1    0    0    0    0    0 x_10]
[   0    0    1    0    0    0    0 x_11]
[   0    0    0    1    0    0    0 x_12]
[   0    0    0    0    1    0    0 x_13]
[   0    0    0    0    0    1    0 x_14]
[   0    0    0    0    0    0    1 x_15])
Nope! w/ p
[0, 0, 0, 2, 5, 4, 1, 5, 6, 2, 5, 1, 2, 5, 5, 2, 1, 2, 1]
([0 1 0 0 0]
[0 0 1 0 0]
[0 0 0 1 0]
[0 0 0 0 1], [   0    1    0    0    0    0 x_10    0]
[   0    0    1    0    0    0 x_11    0]
[   0    0    0    1    0    0 x_12    0]
[   0    0    0    0    1    0 x_13    0]
[   0    0    0    0    0    1 x_14    0]
[   0    0    0    0    0    0    0    1])
Nope! w/ p
[0, 0, 0, 2, 5, 4, 1, 5, 6, 2, 5, 1, 2, 5, 5, 2, 1, 2, 1]
([0 1 0 0 0]
[0 0 1 0 0]
[0 0 0 1 0]
[0 0 0 0 1], [   0    1    0    0    0 x_10    0    0]
[   0    0    1    0    0 x_11    0    0]
[   0    0    0    1    0 x_12    0    0]
[   0    0    0    0    1 x_13    0    0]
[   0    0    0    0    0    0    1    0]
[   0    0    0    0    0    0    0    1])
Nope! w/ p
[0, 0, 0, 2, 5, 4, 1, 5, 6, 2, 5, 1, 2, 5, 5, 2, 1, 2, 1]
([0 1 0 0 0]
[0 0 1 0 0]
[0 0 0 1 0]
[0 0 0 0 1], [   0    1    0    0 x_10    0    0    0]
[   0    0    1    0 x_11    0    0    0]
[   0    0    0    1 x_12    0    0    0]
[   0    0    0    0    0    1    0    0]
[   0    0    0    0    0    0    1    0]
[   0    0    0    0    0    0    0    1])
Nope! w/ p
[0, 0, 0, 2, 5, 4, 1, 5, 6, 2, 5, 1, 2, 5, 5, 2, 1, 2, 1]
([0 1 0 0 0]
[0 0 1 0 0]
[0 0 0 1 0]
[0 0 0 0 1], [   0    1    0 x_10    0    0    0    0]
[   0    0    1 x_11    0    0    0    0]
[   0    0    0    0    1    0    0    0]
[   0    0    0    0    0    1    0    0]
[   0    0    0    0    0    0    1    0]
[   0    0    0    0    0    0    0    1])
Nope! w/ p
[0, 0, 0, 2, 5, 4, 1, 5, 6, 2, 5, 1, 2, 5, 5, 2, 1, 2, 1]
([0 1 0 0 0]
[0 0 1 0 0]
[0 0 0 1 0]
[0 0 0 0 1], [   0    1 x_10    0    0    0    0    0]
[   0    0    0    1    0    0    0    0]
[   0    0    0    0    1    0    0    0]
[   0    0    0    0    0    1    0    0]
[   0    0    0    0    0    0    1    0]
[   0    0    0    0    0    0    0    1])
Nope! w/ p
[0, 0, 0, 2, 5, 4, 1, 5, 6, 2, 5, 1, 2, 5, 5, 2, 1, 2, 1]
([0 1 0 0 0]
[0 0 1 0 0]
[0 0 0 1 0]
[0 0 0 0 1], [0 0 1 0 0 0 0 0]
[0 0 0 1 0 0 0 0]
[0 0 0 0 1 0 0 0]
[0 0 0 0 0 1 0 0]
[0 0 0 0 0 0 1 0]
[0 0 0 0 0 0 0 1])
