h is[1, 2, 0, 2, 2, 0, 0, 0, 0, 0, 0, 0, 0, 0, 0, 0, 0, 0, 0]
Nope! w/ p
[0, 0, 1, 0, 3, 5, 1, 5, 8, 2, 5, 1, 2, 5, 5, 2, 1, 2, 1]
([   1    0    0 x_00 x_01]
[   0    1    0 x_02 x_03]
[   0    0    1 x_04 x_05],)
Nope! w/ p
[0, 0, 1, 0, 3, 5, 1, 5, 8, 2, 5, 1, 2, 5, 5, 2, 1, 2, 1]
([   1    0 x_00    0 x_01]
[   0    1 x_02    0 x_03]
[   0    0    0    1 x_04],)
Nope! w/ p
[0, 0, 1, 0, 3, 5, 1, 5, 8, 2, 5, 1, 2, 5, 5, 2, 1, 2, 1]
([   1    0 x_00 x_01    0]
[   0    1 x_02 x_03    0]
[   0    0    0    0    1],)
Nope! w/ p
[0, 0, 1, 0, 3, 5, 1, 5, 8, 2, 5, 1, 2, 5, 5, 2, 1, 2, 1]
([   1 x_00    0    0 x_01]
[   0    0    1    0 x_02]
[   0    0    0    1 x_03],)
Nope! w/ p
[0, 0, 1, 0, 3, 5, 1, 5, 8, 2, 5, 1, 2, 5, 5, 2, 1, 2, 1]
([   1 x_00    0 x_01    0]
[   0    0    1 x_02    0]
[   0    0    0    0    1],)
Nope! w/ p
[0, 0, 1, 0, 3, 5, 1, 5, 8, 2, 5, 1, 2, 5, 5, 2, 1, 2, 1]
([   1 x_00 x_01    0    0]
[   0    0    0    1    0]
[   0    0    0    0    1],)
Nope! w/ p
[0, 0, 1, 0, 3, 5, 1, 5, 8, 2, 5, 1, 2, 5, 5, 2, 1, 2, 1]
([   0    1    0    0 x_00]
[   0    0    1    0 x_01]
[   0    0    0    1 x_02],)
Nope! w/ p
[0, 0, 1, 0, 3, 5, 1, 5, 8, 2, 5, 1, 2, 5, 5, 2, 1, 2, 1]
([   0    1    0 x_00    0]
[   0    0    1 x_01    0]
[   0    0    0    0    1],)
Nope! w/ p
[0, 0, 1, 0, 3, 5, 1, 5, 8, 2, 5, 1, 2, 5, 5, 2, 1, 2, 1]
([   0    1 x_00    0    0]
[   0    0    0    1    0]
[   0    0    0    0    1],)
Nope! w/ p
[0, 0, 1, 0, 3, 5, 1, 5, 8, 2, 5, 1, 2, 5, 5, 2, 1, 2, 1]
([0 0 1 0 0]
[0 0 0 1 0]
[0 0 0 0 1],)
