c is[5, 3, 0, 0, 0]
Nope!
[[0, 1, 1, 0, 0, 2, 0, 2, 3, 1, 2, 1, 1, 2, 2, 1, 1, 1, 1], [0, 0, 0, 1, 1, 1, 1, 1, 1, 1], [1, 1, 1, 1, 1, 1, 1, 1, 1, 1], [1], [1, 1, 1, 2, 1, 1, 1]]
Nope!
[[0, 1, 1, 0, 0, 2, 0, 2, 3, 1, 2, 1, 1, 2, 2, 1, 1, 1, 1], [0, 0, 1, 1, 0, 1, 1, 1, 1, 1], [1, 1, 1, 1, 1, 1, 1, 1, 1, 1], [1], [1, 1, 1, 2, 1, 1, 1]]
Nope! w/ p
[[0, 1, 1, 0, 0, 1, 1, 2, 3, 1, 2, 1, 1, 2, 2, 1, 1, 1, 1], [0, 0, 0, 1, 1, 1, 1, 1, 1, 1], [1, 1, 1, 1, 1, 1, 1, 1, 1, 1], [1], [1, 1, 1, 2, 1, 1, 1]]
([   1 x_00],)
Nope! w/ p
[[0, 1, 1, 0, 0, 1, 1, 2, 3, 1, 2, 1, 1, 2, 2, 1, 1, 1, 1], [0, 0, 0, 1, 1, 1, 1, 1, 1, 1], [1, 1, 1, 1, 1, 1, 1, 1, 1, 1], [1], [1, 1, 1, 2, 1, 1, 1]]
([0 1],)
Nope! w/ p
[[0, 1, 1, 0, 0, 1, 1, 2, 3, 1, 2, 1, 1, 2, 2, 1, 1, 1, 1], [0, 0, 1, 1, 0, 1, 1, 1, 1, 1], [1, 1, 1, 1, 1, 1, 1, 1, 1, 1], [1], [1, 1, 1, 2, 1, 1, 1]]
([   1 x_00],)
Nope! w/ p
[[0, 1, 1, 0, 0, 1, 1, 2, 3, 1, 2, 1, 1, 2, 2, 1, 1, 1, 1], [0, 0, 1, 1, 0, 1, 1, 1, 1, 1], [1, 1, 1, 1, 1, 1, 1, 1, 1, 1], [1], [1, 1, 1, 2, 1, 1, 1]]
([0 1],)
Nope! w/ p
[[0, 1, 1, 0, 0, 2, 1, 1, 3, 1, 2, 1, 1, 2, 2, 1, 1, 1, 1], [0, 0, 0, 1, 1, 1, 1, 1, 1, 1], [1, 1, 1, 1, 1, 1, 1, 1, 1, 1], [1], [1, 1, 1, 2, 1, 1, 1]]
([   1 x_00],)
Nope! w/ p
[[0, 1, 1, 0, 0, 2, 1, 1, 3, 1, 2, 1, 1, 2, 2, 1, 1, 1, 1], [0, 0, 0, 1, 1, 1, 1, 1, 1, 1], [1, 1, 1, 1, 1, 1, 1, 1, 1, 1], [1], [1, 1, 1, 2, 1, 1, 1]]
([0 1],)
Nope! w/ p
[[0, 1, 1, 0, 0, 2, 1, 1, 3, 1, 2, 1, 1, 2, 2, 1, 1, 1, 1], [0, 0, 1, 1, 0, 1, 1, 1, 1, 1], [1, 1, 1, 1, 1, 1, 1, 1, 1, 1], [1], [1, 1, 1, 2, 1, 1, 1]]
([   1 x_00],)
Nope! w/ p
[[0, 1, 1, 0, 0, 2, 1, 1, 3, 1, 2, 1, 1, 2, 2, 1, 1, 1, 1], [0, 0, 1, 1, 0, 1, 1, 1, 1, 1], [1, 1, 1, 1, 1, 1, 1, 1, 1, 1], [1], [1, 1, 1, 2, 1, 1, 1]]
([0 1],)
Nope! w/ p
[[0, 1, 1, 0, 1, 2, 0, 1, 3, 1, 2, 1, 1, 2, 2, 1, 1, 1, 1], [0, 0, 0, 1, 1, 1, 1, 1, 1, 1], [1, 1, 1, 1, 1, 1, 1, 1, 1, 1], [1], [1, 1, 1, 2, 1, 1, 1]]
([   1 x_00], [   1 x_10])
Nope! w/ p
[[0, 1, 1, 0, 1, 2, 0, 1, 3, 1, 2, 1, 1, 2, 2, 1, 1, 1, 1], [0, 0, 0, 1, 1, 1, 1, 1, 1, 1], [1, 1, 1, 1, 1, 1, 1, 1, 1, 1], [1], [1, 1, 1, 2, 1, 1, 1]]
([   1 x_00], [0 1])
Nope! w/ p
[[0, 1, 1, 0, 1, 2, 0, 1, 3, 1, 2, 1, 1, 2, 2, 1, 1, 1, 1], [0, 0, 0, 1, 1, 1, 1, 1, 1, 1], [1, 1, 1, 1, 1, 1, 1, 1, 1, 1], [1], [1, 1, 1, 2, 1, 1, 1]]
([0 1], [   1 x_10])
Nope! w/ p
[[0, 1, 1, 0, 1, 2, 0, 1, 3, 1, 2, 1, 1, 2, 2, 1, 1, 1, 1], [0, 0, 0, 1, 1, 1, 1, 1, 1, 1], [1, 1, 1, 1, 1, 1, 1, 1, 1, 1], [1], [1, 1, 1, 2, 1, 1, 1]]
([0 1], [0 1])
Nope! w/ p
[[0, 1, 1, 0, 1, 2, 0, 1, 3, 1, 2, 1, 1, 2, 2, 1, 1, 1, 1], [0, 0, 1, 1, 0, 1, 1, 1, 1, 1], [1, 1, 1, 1, 1, 1, 1, 1, 1, 1], [1], [1, 1, 1, 2, 1, 1, 1]]
([   1 x_00], [   1 x_10])
Nope! w/ p
[[0, 1, 1, 0, 1, 2, 0, 1, 3, 1, 2, 1, 1, 2, 2, 1, 1, 1, 1], [0, 0, 1, 1, 0, 1, 1, 1, 1, 1], [1, 1, 1, 1, 1, 1, 1, 1, 1, 1], [1], [1, 1, 1, 2, 1, 1, 1]]
([   1 x_00], [0 1])
Nope! w/ p
[[0, 1, 1, 0, 1, 2, 0, 1, 3, 1, 2, 1, 1, 2, 2, 1, 1, 1, 1], [0, 0, 1, 1, 0, 1, 1, 1, 1, 1], [1, 1, 1, 1, 1, 1, 1, 1, 1, 1], [1], [1, 1, 1, 2, 1, 1, 1]]
([0 1], [   1 x_10])
Nope! w/ p
[[0, 1, 1, 0, 1, 2, 0, 1, 3, 1, 2, 1, 1, 2, 2, 1, 1, 1, 1], [0, 0, 1, 1, 0, 1, 1, 1, 1, 1], [1, 1, 1, 1, 1, 1, 1, 1, 1, 1], [1], [1, 1, 1, 2, 1, 1, 1]]
([0 1], [0 1])
Nope! w/ p
[[0, 1, 1, 0, 1, 1, 1, 1, 3, 1, 2, 1, 1, 2, 2, 1, 1, 1, 1], [0, 0, 0, 1, 1, 1, 1, 1, 1, 1], [1, 1, 1, 1, 1, 1, 1, 1, 1, 1], [1], [1, 1, 1, 2, 1, 1, 1]]
([   1 x_00], [   1 x_10], [   1 x_20])
Nope! w/ p
[[0, 1, 1, 0, 1, 1, 1, 1, 3, 1, 2, 1, 1, 2, 2, 1, 1, 1, 1], [0, 0, 0, 1, 1, 1, 1, 1, 1, 1], [1, 1, 1, 1, 1, 1, 1, 1, 1, 1], [1], [1, 1, 1, 2, 1, 1, 1]]
([   1 x_00], [   1 x_10], [0 1])
Nope! w/ p
[[0, 1, 1, 0, 1, 1, 1, 1, 3, 1, 2, 1, 1, 2, 2, 1, 1, 1, 1], [0, 0, 0, 1, 1, 1, 1, 1, 1, 1], [1, 1, 1, 1, 1, 1, 1, 1, 1, 1], [1], [1, 1, 1, 2, 1, 1, 1]]
([   1 x_00], [0 1], [   1 x_20])
Nope! w/ p
[[0, 1, 1, 0, 1, 1, 1, 1, 3, 1, 2, 1, 1, 2, 2, 1, 1, 1, 1], [0, 0, 0, 1, 1, 1, 1, 1, 1, 1], [1, 1, 1, 1, 1, 1, 1, 1, 1, 1], [1], [1, 1, 1, 2, 1, 1, 1]]
([   1 x_00], [0 1], [0 1])
Nope! w/ p
[[0, 1, 1, 0, 1, 1, 1, 1, 3, 1, 2, 1, 1, 2, 2, 1, 1, 1, 1], [0, 0, 0, 1, 1, 1, 1, 1, 1, 1], [1, 1, 1, 1, 1, 1, 1, 1, 1, 1], [1], [1, 1, 1, 2, 1, 1, 1]]
([0 1], [   1 x_10], [   1 x_20])
Nope! w/ p
[[0, 1, 1, 0, 1, 1, 1, 1, 3, 1, 2, 1, 1, 2, 2, 1, 1, 1, 1], [0, 0, 0, 1, 1, 1, 1, 1, 1, 1], [1, 1, 1, 1, 1, 1, 1, 1, 1, 1], [1], [1, 1, 1, 2, 1, 1, 1]]
([0 1], [   1 x_10], [0 1])
Nope! w/ p
[[0, 1, 1, 0, 1, 1, 1, 1, 3, 1, 2, 1, 1, 2, 2, 1, 1, 1, 1], [0, 0, 0, 1, 1, 1, 1, 1, 1, 1], [1, 1, 1, 1, 1, 1, 1, 1, 1, 1], [1], [1, 1, 1, 2, 1, 1, 1]]
([0 1], [0 1], [   1 x_20])
Nope! w/ p
[[0, 1, 1, 0, 1, 1, 1, 1, 3, 1, 2, 1, 1, 2, 2, 1, 1, 1, 1], [0, 0, 0, 1, 1, 1, 1, 1, 1, 1], [1, 1, 1, 1, 1, 1, 1, 1, 1, 1], [1], [1, 1, 1, 2, 1, 1, 1]]
([0 1], [0 1], [0 1])
Nope! w/ p
[[0, 1, 1, 0, 1, 1, 1, 1, 3, 1, 2, 1, 1, 2, 2, 1, 1, 1, 1], [0, 0, 1, 1, 0, 1, 1, 1, 1, 1], [1, 1, 1, 1, 1, 1, 1, 1, 1, 1], [1], [1, 1, 1, 2, 1, 1, 1]]
([   1 x_00], [   1 x_10], [   1 x_20])
Nope! w/ p
[[0, 1, 1, 0, 1, 1, 1, 1, 3, 1, 2, 1, 1, 2, 2, 1, 1, 1, 1], [0, 0, 1, 1, 0, 1, 1, 1, 1, 1], [1, 1, 1, 1, 1, 1, 1, 1, 1, 1], [1], [1, 1, 1, 2, 1, 1, 1]]
([   1 x_00], [   1 x_10], [0 1])
Nope! w/ p
[[0, 1, 1, 0, 1, 1, 1, 1, 3, 1, 2, 1, 1, 2, 2, 1, 1, 1, 1], [0, 0, 1, 1, 0, 1, 1, 1, 1, 1], [1, 1, 1, 1, 1, 1, 1, 1, 1, 1], [1], [1, 1, 1, 2, 1, 1, 1]]
([   1 x_00], [0 1], [   1 x_20])
Nope! w/ p
[[0, 1, 1, 0, 1, 1, 1, 1, 3, 1, 2, 1, 1, 2, 2, 1, 1, 1, 1], [0, 0, 1, 1, 0, 1, 1, 1, 1, 1], [1, 1, 1, 1, 1, 1, 1, 1, 1, 1], [1], [1, 1, 1, 2, 1, 1, 1]]
([   1 x_00], [0 1], [0 1])
Nope! w/ p
[[0, 1, 1, 0, 1, 1, 1, 1, 3, 1, 2, 1, 1, 2, 2, 1, 1, 1, 1], [0, 0, 1, 1, 0, 1, 1, 1, 1, 1], [1, 1, 1, 1, 1, 1, 1, 1, 1, 1], [1], [1, 1, 1, 2, 1, 1, 1]]
([0 1], [   1 x_10], [   1 x_20])
Nope! w/ p
[[0, 1, 1, 0, 1, 1, 1, 1, 3, 1, 2, 1, 1, 2, 2, 1, 1, 1, 1], [0, 0, 1, 1, 0, 1, 1, 1, 1, 1], [1, 1, 1, 1, 1, 1, 1, 1, 1, 1], [1], [1, 1, 1, 2, 1, 1, 1]]
([0 1], [   1 x_10], [0 1])
Nope! w/ p
[[0, 1, 1, 0, 1, 1, 1, 1, 3, 1, 2, 1, 1, 2, 2, 1, 1, 1, 1], [0, 0, 1, 1, 0, 1, 1, 1, 1, 1], [1, 1, 1, 1, 1, 1, 1, 1, 1, 1], [1], [1, 1, 1, 2, 1, 1, 1]]
([0 1], [0 1], [   1 x_20])
Nope! w/ p
[[0, 1, 1, 0, 1, 1, 1, 1, 3, 1, 2, 1, 1, 2, 2, 1, 1, 1, 1], [0, 0, 1, 1, 0, 1, 1, 1, 1, 1], [1, 1, 1, 1, 1, 1, 1, 1, 1, 1], [1], [1, 1, 1, 2, 1, 1, 1]]
([0 1], [0 1], [0 1])
Nope! w/ p
[[0, 1, 1, 0, 1, 0, 1, 2, 3, 1, 2, 1, 1, 2, 2, 1, 1, 1, 1], [0, 0, 0, 1, 1, 1, 1, 1, 1, 1], [1, 1, 1, 1, 1, 1, 1, 1, 1, 1], [1], [1, 1, 1, 2, 1, 1, 1]]
([   1 x_00],)
Nope! w/ p
[[0, 1, 1, 0, 1, 0, 1, 2, 3, 1, 2, 1, 1, 2, 2, 1, 1, 1, 1], [0, 0, 0, 1, 1, 1, 1, 1, 1, 1], [1, 1, 1, 1, 1, 1, 1, 1, 1, 1], [1], [1, 1, 1, 2, 1, 1, 1]]
([0 1],)
Nope! w/ p
[[0, 1, 1, 0, 1, 0, 1, 2, 3, 1, 2, 1, 1, 2, 2, 1, 1, 1, 1], [0, 0, 1, 1, 0, 1, 1, 1, 1, 1], [1, 1, 1, 1, 1, 1, 1, 1, 1, 1], [1], [1, 1, 1, 2, 1, 1, 1]]
([   1 x_00],)
Nope! w/ p
[[0, 1, 1, 0, 1, 0, 1, 2, 3, 1, 2, 1, 1, 2, 2, 1, 1, 1, 1], [0, 0, 1, 1, 0, 1, 1, 1, 1, 1], [1, 1, 1, 1, 1, 1, 1, 1, 1, 1], [1], [1, 1, 1, 2, 1, 1, 1]]
([0 1],)
Nope! w/ p
[[0, 1, 1, 0, 1, 1, 1, 2, 3, 1, 2, 1, 0, 2, 2, 1, 1, 1, 1], [0, 0, 0, 1, 1, 1, 1, 1, 1, 1], [1, 1, 1, 1, 1, 1, 1, 1, 1, 1], [1], [1, 1, 1, 2, 1, 1, 1]]
([   1 x_00], [   1 x_10])
Nope! w/ p
[[0, 1, 1, 0, 1, 1, 1, 2, 3, 1, 2, 1, 0, 2, 2, 1, 1, 1, 1], [0, 0, 0, 1, 1, 1, 1, 1, 1, 1], [1, 1, 1, 1, 1, 1, 1, 1, 1, 1], [1], [1, 1, 1, 2, 1, 1, 1]]
([   1 x_00], [0 1])
Nope! w/ p
[[0, 1, 1, 0, 1, 1, 1, 2, 3, 1, 2, 1, 0, 2, 2, 1, 1, 1, 1], [0, 0, 0, 1, 1, 1, 1, 1, 1, 1], [1, 1, 1, 1, 1, 1, 1, 1, 1, 1], [1], [1, 1, 1, 2, 1, 1, 1]]
([0 1], [   1 x_10])
Nope! w/ p
[[0, 1, 1, 0, 1, 1, 1, 2, 3, 1, 2, 1, 0, 2, 2, 1, 1, 1, 1], [0, 0, 0, 1, 1, 1, 1, 1, 1, 1], [1, 1, 1, 1, 1, 1, 1, 1, 1, 1], [1], [1, 1, 1, 2, 1, 1, 1]]
([0 1], [0 1])
Nope! w/ p
[[0, 1, 1, 0, 1, 1, 1, 2, 3, 1, 2, 1, 0, 2, 2, 1, 1, 1, 1], [0, 0, 1, 1, 0, 1, 1, 1, 1, 1], [1, 1, 1, 1, 1, 1, 1, 1, 1, 1], [1], [1, 1, 1, 2, 1, 1, 1]]
([   1 x_00], [   1 x_10])
Nope! w/ p
[[0, 1, 1, 0, 1, 1, 1, 2, 3, 1, 2, 1, 0, 2, 2, 1, 1, 1, 1], [0, 0, 1, 1, 0, 1, 1, 1, 1, 1], [1, 1, 1, 1, 1, 1, 1, 1, 1, 1], [1], [1, 1, 1, 2, 1, 1, 1]]
([   1 x_00], [0 1])
Nope! w/ p
[[0, 1, 1, 0, 1, 1, 1, 2, 3, 1, 2, 1, 0, 2, 2, 1, 1, 1, 1], [0, 0, 1, 1, 0, 1, 1, 1, 1, 1], [1, 1, 1, 1, 1, 1, 1, 1, 1, 1], [1], [1, 1, 1, 2, 1, 1, 1]]
([0 1], [   1 x_10])
Nope! w/ p
[[0, 1, 1, 0, 1, 1, 1, 2, 3, 1, 2, 1, 0, 2, 2, 1, 1, 1, 1], [0, 0, 1, 1, 0, 1, 1, 1, 1, 1], [1, 1, 1, 1, 1, 1, 1, 1, 1, 1], [1], [1, 1, 1, 2, 1, 1, 1]]
([0 1], [0 1])
Nope! w/ p
[[0, 1, 1, 0, 1, 1, 1, 2, 2, 1, 2, 1, 1, 2, 2, 1, 1, 1, 1], [0, 0, 0, 1, 1, 1, 1, 1, 1, 1], [1, 1, 1, 1, 1, 1, 1, 1, 1, 1], [1], [1, 1, 1, 2, 1, 1, 1]]
([   1 x_00], [   1 x_10], [   1    0 x_20]
[   0    1    0])
Nope! w/ p
[[0, 1, 1, 0, 1, 1, 1, 2, 2, 1, 2, 1, 1, 2, 2, 1, 1, 1, 1], [0, 0, 0, 1, 1, 1, 1, 1, 1, 1], [1, 1, 1, 1, 1, 1, 1, 1, 1, 1], [1], [1, 1, 1, 2, 1, 1, 1]]
([   1 x_00], [   1 x_10], [   1 x_20    0]
[   0    0    1])
Nope! w/ p
[[0, 1, 1, 0, 1, 1, 1, 2, 2, 1, 2, 1, 1, 2, 2, 1, 1, 1, 1], [0, 0, 0, 1, 1, 1, 1, 1, 1, 1], [1, 1, 1, 1, 1, 1, 1, 1, 1, 1], [1], [1, 1, 1, 2, 1, 1, 1]]
([   1 x_00], [   1 x_10], [0 1 0]
[0 0 1])
Nope! w/ p
[[0, 1, 1, 0, 1, 1, 1, 2, 2, 1, 2, 1, 1, 2, 2, 1, 1, 1, 1], [0, 0, 0, 1, 1, 1, 1, 1, 1, 1], [1, 1, 1, 1, 1, 1, 1, 1, 1, 1], [1], [1, 1, 1, 2, 1, 1, 1]]
([   1 x_00], [0 1], [   1    0 x_20]
[   0    1    0])
Nope! w/ p
[[0, 1, 1, 0, 1, 1, 1, 2, 2, 1, 2, 1, 1, 2, 2, 1, 1, 1, 1], [0, 0, 0, 1, 1, 1, 1, 1, 1, 1], [1, 1, 1, 1, 1, 1, 1, 1, 1, 1], [1], [1, 1, 1, 2, 1, 1, 1]]
([   1 x_00], [0 1], [   1 x_20    0]
[   0    0    1])
Nope! w/ p
[[0, 1, 1, 0, 1, 1, 1, 2, 2, 1, 2, 1, 1, 2, 2, 1, 1, 1, 1], [0, 0, 0, 1, 1, 1, 1, 1, 1, 1], [1, 1, 1, 1, 1, 1, 1, 1, 1, 1], [1], [1, 1, 1, 2, 1, 1, 1]]
([   1 x_00], [0 1], [0 1 0]
[0 0 1])
Nope! w/ p
[[0, 1, 1, 0, 1, 1, 1, 2, 2, 1, 2, 1, 1, 2, 2, 1, 1, 1, 1], [0, 0, 0, 1, 1, 1, 1, 1, 1, 1], [1, 1, 1, 1, 1, 1, 1, 1, 1, 1], [1], [1, 1, 1, 2, 1, 1, 1]]
([0 1], [   1 x_10], [   1    0 x_20]
[   0    1    0])
Nope! w/ p
[[0, 1, 1, 0, 1, 1, 1, 2, 2, 1, 2, 1, 1, 2, 2, 1, 1, 1, 1], [0, 0, 0, 1, 1, 1, 1, 1, 1, 1], [1, 1, 1, 1, 1, 1, 1, 1, 1, 1], [1], [1, 1, 1, 2, 1, 1, 1]]
([0 1], [   1 x_10], [   1 x_20    0]
[   0    0    1])
Nope! w/ p
[[0, 1, 1, 0, 1, 1, 1, 2, 2, 1, 2, 1, 1, 2, 2, 1, 1, 1, 1], [0, 0, 0, 1, 1, 1, 1, 1, 1, 1], [1, 1, 1, 1, 1, 1, 1, 1, 1, 1], [1], [1, 1, 1, 2, 1, 1, 1]]
([0 1], [   1 x_10], [0 1 0]
[0 0 1])
Nope! w/ p
[[0, 1, 1, 0, 1, 1, 1, 2, 2, 1, 2, 1, 1, 2, 2, 1, 1, 1, 1], [0, 0, 0, 1, 1, 1, 1, 1, 1, 1], [1, 1, 1, 1, 1, 1, 1, 1, 1, 1], [1], [1, 1, 1, 2, 1, 1, 1]]
([0 1], [0 1], [   1    0 x_20]
[   0    1    0])
Nope! w/ p
[[0, 1, 1, 0, 1, 1, 1, 2, 2, 1, 2, 1, 1, 2, 2, 1, 1, 1, 1], [0, 0, 0, 1, 1, 1, 1, 1, 1, 1], [1, 1, 1, 1, 1, 1, 1, 1, 1, 1], [1], [1, 1, 1, 2, 1, 1, 1]]
([0 1], [0 1], [   1 x_20    0]
[   0    0    1])
Nope! w/ p
[[0, 1, 1, 0, 1, 1, 1, 2, 2, 1, 2, 1, 1, 2, 2, 1, 1, 1, 1], [0, 0, 0, 1, 1, 1, 1, 1, 1, 1], [1, 1, 1, 1, 1, 1, 1, 1, 1, 1], [1], [1, 1, 1, 2, 1, 1, 1]]
([0 1], [0 1], [0 1 0]
[0 0 1])
Nope! w/ p
[[0, 1, 1, 0, 1, 1, 1, 2, 2, 1, 2, 1, 1, 2, 2, 1, 1, 1, 1], [0, 0, 1, 1, 0, 1, 1, 1, 1, 1], [1, 1, 1, 1, 1, 1, 1, 1, 1, 1], [1], [1, 1, 1, 2, 1, 1, 1]]
([   1 x_00], [   1 x_10], [   1    0 x_20]
[   0    1    0])
Nope! w/ p
[[0, 1, 1, 0, 1, 1, 1, 2, 2, 1, 2, 1, 1, 2, 2, 1, 1, 1, 1], [0, 0, 1, 1, 0, 1, 1, 1, 1, 1], [1, 1, 1, 1, 1, 1, 1, 1, 1, 1], [1], [1, 1, 1, 2, 1, 1, 1]]
([   1 x_00], [   1 x_10], [   1 x_20    0]
[   0    0    1])
Nope! w/ p
[[0, 1, 1, 0, 1, 1, 1, 2, 2, 1, 2, 1, 1, 2, 2, 1, 1, 1, 1], [0, 0, 1, 1, 0, 1, 1, 1, 1, 1], [1, 1, 1, 1, 1, 1, 1, 1, 1, 1], [1], [1, 1, 1, 2, 1, 1, 1]]
([   1 x_00], [   1 x_10], [0 1 0]
[0 0 1])
Nope! w/ p
[[0, 1, 1, 0, 1, 1, 1, 2, 2, 1, 2, 1, 1, 2, 2, 1, 1, 1, 1], [0, 0, 1, 1, 0, 1, 1, 1, 1, 1], [1, 1, 1, 1, 1, 1, 1, 1, 1, 1], [1], [1, 1, 1, 2, 1, 1, 1]]
([   1 x_00], [0 1], [   1    0 x_20]
[   0    1    0])
Nope! w/ p
[[0, 1, 1, 0, 1, 1, 1, 2, 2, 1, 2, 1, 1, 2, 2, 1, 1, 1, 1], [0, 0, 1, 1, 0, 1, 1, 1, 1, 1], [1, 1, 1, 1, 1, 1, 1, 1, 1, 1], [1], [1, 1, 1, 2, 1, 1, 1]]
([   1 x_00], [0 1], [   1 x_20    0]
[   0    0    1])
Nope! w/ p
[[0, 1, 1, 0, 1, 1, 1, 2, 2, 1, 2, 1, 1, 2, 2, 1, 1, 1, 1], [0, 0, 1, 1, 0, 1, 1, 1, 1, 1], [1, 1, 1, 1, 1, 1, 1, 1, 1, 1], [1], [1, 1, 1, 2, 1, 1, 1]]
([   1 x_00], [0 1], [0 1 0]
[0 0 1])
Nope! w/ p
[[0, 1, 1, 0, 1, 1, 1, 2, 2, 1, 2, 1, 1, 2, 2, 1, 1, 1, 1], [0, 0, 1, 1, 0, 1, 1, 1, 1, 1], [1, 1, 1, 1, 1, 1, 1, 1, 1, 1], [1], [1, 1, 1, 2, 1, 1, 1]]
([0 1], [   1 x_10], [   1    0 x_20]
[   0    1    0])
Nope! w/ p
[[0, 1, 1, 0, 1, 1, 1, 2, 2, 1, 2, 1, 1, 2, 2, 1, 1, 1, 1], [0, 0, 1, 1, 0, 1, 1, 1, 1, 1], [1, 1, 1, 1, 1, 1, 1, 1, 1, 1], [1], [1, 1, 1, 2, 1, 1, 1]]
([0 1], [   1 x_10], [   1 x_20    0]
[   0    0    1])
Nope! w/ p
[[0, 1, 1, 0, 1, 1, 1, 2, 2, 1, 2, 1, 1, 2, 2, 1, 1, 1, 1], [0, 0, 1, 1, 0, 1, 1, 1, 1, 1], [1, 1, 1, 1, 1, 1, 1, 1, 1, 1], [1], [1, 1, 1, 2, 1, 1, 1]]
([0 1], [   1 x_10], [0 1 0]
[0 0 1])
Nope! w/ p
[[0, 1, 1, 0, 1, 1, 1, 2, 2, 1, 2, 1, 1, 2, 2, 1, 1, 1, 1], [0, 0, 1, 1, 0, 1, 1, 1, 1, 1], [1, 1, 1, 1, 1, 1, 1, 1, 1, 1], [1], [1, 1, 1, 2, 1, 1, 1]]
([0 1], [0 1], [   1    0 x_20]
[   0    1    0])
Nope! w/ p
[[0, 1, 1, 0, 1, 1, 1, 2, 2, 1, 2, 1, 1, 2, 2, 1, 1, 1, 1], [0, 0, 1, 1, 0, 1, 1, 1, 1, 1], [1, 1, 1, 1, 1, 1, 1, 1, 1, 1], [1], [1, 1, 1, 2, 1, 1, 1]]
([0 1], [0 1], [   1 x_20    0]
[   0    0    1])
Nope! w/ p
[[0, 1, 1, 0, 1, 1, 1, 2, 2, 1, 2, 1, 1, 2, 2, 1, 1, 1, 1], [0, 0, 1, 1, 0, 1, 1, 1, 1, 1], [1, 1, 1, 1, 1, 1, 1, 1, 1, 1], [1], [1, 1, 1, 2, 1, 1, 1]]
([0 1], [0 1], [0 1 0]
[0 0 1])
Nope! w/ p
[[0, 1, 1, 0, 1, 2, 1, 0, 3, 1, 2, 1, 1, 2, 2, 1, 1, 1, 1], [0, 0, 0, 1, 1, 1, 1, 1, 1, 1], [1, 1, 1, 1, 1, 1, 1, 1, 1, 1], [1], [1, 1, 1, 2, 1, 1, 1]]
([   1 x_00],)
Nope! w/ p
[[0, 1, 1, 0, 1, 2, 1, 0, 3, 1, 2, 1, 1, 2, 2, 1, 1, 1, 1], [0, 0, 0, 1, 1, 1, 1, 1, 1, 1], [1, 1, 1, 1, 1, 1, 1, 1, 1, 1], [1], [1, 1, 1, 2, 1, 1, 1]]
([0 1],)
Nope! w/ p
[[0, 1, 1, 0, 1, 2, 1, 0, 3, 1, 2, 1, 1, 2, 2, 1, 1, 1, 1], [0, 0, 1, 1, 0, 1, 1, 1, 1, 1], [1, 1, 1, 1, 1, 1, 1, 1, 1, 1], [1], [1, 1, 1, 2, 1, 1, 1]]
([   1 x_00],)
Nope! w/ p
[[0, 1, 1, 0, 1, 2, 1, 0, 3, 1, 2, 1, 1, 2, 2, 1, 1, 1, 1], [0, 0, 1, 1, 0, 1, 1, 1, 1, 1], [1, 1, 1, 1, 1, 1, 1, 1, 1, 1], [1], [1, 1, 1, 2, 1, 1, 1]]
([0 1],)
Nope! w/ p
[[0, 1, 1, 0, 1, 2, 1, 1, 2, 1, 2, 1, 1, 2, 2, 1, 1, 1, 1], [0, 0, 0, 1, 1, 1, 1, 1, 1, 1], [1, 1, 1, 1, 1, 1, 1, 1, 1, 1], [1], [1, 1, 1, 2, 1, 1, 1]]
([   1 x_00], [   1 x_10], [   1    0 x_20]
[   0    1    0])
Nope! w/ p
[[0, 1, 1, 0, 1, 2, 1, 1, 2, 1, 2, 1, 1, 2, 2, 1, 1, 1, 1], [0, 0, 0, 1, 1, 1, 1, 1, 1, 1], [1, 1, 1, 1, 1, 1, 1, 1, 1, 1], [1], [1, 1, 1, 2, 1, 1, 1]]
([   1 x_00], [   1 x_10], [   1 x_20    0]
[   0    0    1])
Nope! w/ p
[[0, 1, 1, 0, 1, 2, 1, 1, 2, 1, 2, 1, 1, 2, 2, 1, 1, 1, 1], [0, 0, 0, 1, 1, 1, 1, 1, 1, 1], [1, 1, 1, 1, 1, 1, 1, 1, 1, 1], [1], [1, 1, 1, 2, 1, 1, 1]]
([   1 x_00], [   1 x_10], [0 1 0]
[0 0 1])
Nope! w/ p
[[0, 1, 1, 0, 1, 2, 1, 1, 2, 1, 2, 1, 1, 2, 2, 1, 1, 1, 1], [0, 0, 0, 1, 1, 1, 1, 1, 1, 1], [1, 1, 1, 1, 1, 1, 1, 1, 1, 1], [1], [1, 1, 1, 2, 1, 1, 1]]
([   1 x_00], [0 1], [   1    0 x_20]
[   0    1    0])
Nope! w/ p
[[0, 1, 1, 0, 1, 2, 1, 1, 2, 1, 2, 1, 1, 2, 2, 1, 1, 1, 1], [0, 0, 0, 1, 1, 1, 1, 1, 1, 1], [1, 1, 1, 1, 1, 1, 1, 1, 1, 1], [1], [1, 1, 1, 2, 1, 1, 1]]
([   1 x_00], [0 1], [   1 x_20    0]
[   0    0    1])
Nope! w/ p
[[0, 1, 1, 0, 1, 2, 1, 1, 2, 1, 2, 1, 1, 2, 2, 1, 1, 1, 1], [0, 0, 0, 1, 1, 1, 1, 1, 1, 1], [1, 1, 1, 1, 1, 1, 1, 1, 1, 1], [1], [1, 1, 1, 2, 1, 1, 1]]
([   1 x_00], [0 1], [0 1 0]
[0 0 1])
Nope! w/ p
[[0, 1, 1, 0, 1, 2, 1, 1, 2, 1, 2, 1, 1, 2, 2, 1, 1, 1, 1], [0, 0, 0, 1, 1, 1, 1, 1, 1, 1], [1, 1, 1, 1, 1, 1, 1, 1, 1, 1], [1], [1, 1, 1, 2, 1, 1, 1]]
([0 1], [   1 x_10], [   1    0 x_20]
[   0    1    0])
Nope! w/ p
[[0, 1, 1, 0, 1, 2, 1, 1, 2, 1, 2, 1, 1, 2, 2, 1, 1, 1, 1], [0, 0, 0, 1, 1, 1, 1, 1, 1, 1], [1, 1, 1, 1, 1, 1, 1, 1, 1, 1], [1], [1, 1, 1, 2, 1, 1, 1]]
([0 1], [   1 x_10], [   1 x_20    0]
[   0    0    1])
Nope! w/ p
[[0, 1, 1, 0, 1, 2, 1, 1, 2, 1, 2, 1, 1, 2, 2, 1, 1, 1, 1], [0, 0, 0, 1, 1, 1, 1, 1, 1, 1], [1, 1, 1, 1, 1, 1, 1, 1, 1, 1], [1], [1, 1, 1, 2, 1, 1, 1]]
([0 1], [   1 x_10], [0 1 0]
[0 0 1])
Nope! w/ p
[[0, 1, 1, 0, 1, 2, 1, 1, 2, 1, 2, 1, 1, 2, 2, 1, 1, 1, 1], [0, 0, 0, 1, 1, 1, 1, 1, 1, 1], [1, 1, 1, 1, 1, 1, 1, 1, 1, 1], [1], [1, 1, 1, 2, 1, 1, 1]]
([0 1], [0 1], [   1    0 x_20]
[   0    1    0])
Nope! w/ p
[[0, 1, 1, 0, 1, 2, 1, 1, 2, 1, 2, 1, 1, 2, 2, 1, 1, 1, 1], [0, 0, 0, 1, 1, 1, 1, 1, 1, 1], [1, 1, 1, 1, 1, 1, 1, 1, 1, 1], [1], [1, 1, 1, 2, 1, 1, 1]]
([0 1], [0 1], [   1 x_20    0]
[   0    0    1])
Nope! w/ p
[[0, 1, 1, 0, 1, 2, 1, 1, 2, 1, 2, 1, 1, 2, 2, 1, 1, 1, 1], [0, 0, 0, 1, 1, 1, 1, 1, 1, 1], [1, 1, 1, 1, 1, 1, 1, 1, 1, 1], [1], [1, 1, 1, 2, 1, 1, 1]]
([0 1], [0 1], [0 1 0]
[0 0 1])
Nope! w/ p
[[0, 1, 1, 0, 1, 2, 1, 1, 2, 1, 2, 1, 1, 2, 2, 1, 1, 1, 1], [0, 0, 1, 1, 0, 1, 1, 1, 1, 1], [1, 1, 1, 1, 1, 1, 1, 1, 1, 1], [1], [1, 1, 1, 2, 1, 1, 1]]
([   1 x_00], [   1 x_10], [   1    0 x_20]
[   0    1    0])
Nope! w/ p
[[0, 1, 1, 0, 1, 2, 1, 1, 2, 1, 2, 1, 1, 2, 2, 1, 1, 1, 1], [0, 0, 1, 1, 0, 1, 1, 1, 1, 1], [1, 1, 1, 1, 1, 1, 1, 1, 1, 1], [1], [1, 1, 1, 2, 1, 1, 1]]
([   1 x_00], [   1 x_10], [   1 x_20    0]
[   0    0    1])
Nope! w/ p
[[0, 1, 1, 0, 1, 2, 1, 1, 2, 1, 2, 1, 1, 2, 2, 1, 1, 1, 1], [0, 0, 1, 1, 0, 1, 1, 1, 1, 1], [1, 1, 1, 1, 1, 1, 1, 1, 1, 1], [1], [1, 1, 1, 2, 1, 1, 1]]
([   1 x_00], [   1 x_10], [0 1 0]
[0 0 1])
Nope! w/ p
[[0, 1, 1, 0, 1, 2, 1, 1, 2, 1, 2, 1, 1, 2, 2, 1, 1, 1, 1], [0, 0, 1, 1, 0, 1, 1, 1, 1, 1], [1, 1, 1, 1, 1, 1, 1, 1, 1, 1], [1], [1, 1, 1, 2, 1, 1, 1]]
([   1 x_00], [0 1], [   1    0 x_20]
[   0    1    0])
Nope! w/ p
[[0, 1, 1, 0, 1, 2, 1, 1, 2, 1, 2, 1, 1, 2, 2, 1, 1, 1, 1], [0, 0, 1, 1, 0, 1, 1, 1, 1, 1], [1, 1, 1, 1, 1, 1, 1, 1, 1, 1], [1], [1, 1, 1, 2, 1, 1, 1]]
([   1 x_00], [0 1], [   1 x_20    0]
[   0    0    1])
Nope! w/ p
[[0, 1, 1, 0, 1, 2, 1, 1, 2, 1, 2, 1, 1, 2, 2, 1, 1, 1, 1], [0, 0, 1, 1, 0, 1, 1, 1, 1, 1], [1, 1, 1, 1, 1, 1, 1, 1, 1, 1], [1], [1, 1, 1, 2, 1, 1, 1]]
([   1 x_00], [0 1], [0 1 0]
[0 0 1])
Nope! w/ p
[[0, 1, 1, 0, 1, 2, 1, 1, 2, 1, 2, 1, 1, 2, 2, 1, 1, 1, 1], [0, 0, 1, 1, 0, 1, 1, 1, 1, 1], [1, 1, 1, 1, 1, 1, 1, 1, 1, 1], [1], [1, 1, 1, 2, 1, 1, 1]]
([0 1], [   1 x_10], [   1    0 x_20]
[   0    1    0])
Nope! w/ p
[[0, 1, 1, 0, 1, 2, 1, 1, 2, 1, 2, 1, 1, 2, 2, 1, 1, 1, 1], [0, 0, 1, 1, 0, 1, 1, 1, 1, 1], [1, 1, 1, 1, 1, 1, 1, 1, 1, 1], [1], [1, 1, 1, 2, 1, 1, 1]]
([0 1], [   1 x_10], [   1 x_20    0]
[   0    0    1])
Nope! w/ p
[[0, 1, 1, 0, 1, 2, 1, 1, 2, 1, 2, 1, 1, 2, 2, 1, 1, 1, 1], [0, 0, 1, 1, 0, 1, 1, 1, 1, 1], [1, 1, 1, 1, 1, 1, 1, 1, 1, 1], [1], [1, 1, 1, 2, 1, 1, 1]]
([0 1], [   1 x_10], [0 1 0]
[0 0 1])
Nope! w/ p
[[0, 1, 1, 0, 1, 2, 1, 1, 2, 1, 2, 1, 1, 2, 2, 1, 1, 1, 1], [0, 0, 1, 1, 0, 1, 1, 1, 1, 1], [1, 1, 1, 1, 1, 1, 1, 1, 1, 1], [1], [1, 1, 1, 2, 1, 1, 1]]
([0 1], [0 1], [   1    0 x_20]
[   0    1    0])
Nope! w/ p
[[0, 1, 1, 0, 1, 2, 1, 1, 2, 1, 2, 1, 1, 2, 2, 1, 1, 1, 1], [0, 0, 1, 1, 0, 1, 1, 1, 1, 1], [1, 1, 1, 1, 1, 1, 1, 1, 1, 1], [1], [1, 1, 1, 2, 1, 1, 1]]
([0 1], [0 1], [   1 x_20    0]
[   0    0    1])
Nope! w/ p
[[0, 1, 1, 0, 1, 2, 1, 1, 2, 1, 2, 1, 1, 2, 2, 1, 1, 1, 1], [0, 0, 1, 1, 0, 1, 1, 1, 1, 1], [1, 1, 1, 1, 1, 1, 1, 1, 1, 1], [1], [1, 1, 1, 2, 1, 1, 1]]
([0 1], [0 1], [0 1 0]
[0 0 1])
Nope! w/ p
[[0, 1, 1, 0, 1, 2, 1, 1, 3, 0, 2, 1, 1, 2, 2, 1, 1, 1, 1], [0, 0, 0, 1, 1, 1, 1, 1, 1, 1], [1, 1, 1, 1, 1, 1, 1, 1, 1, 1], [1], [1, 1, 1, 2, 1, 1, 1]]
([   1 x_00], [   1 x_10])
Nope! w/ p
[[0, 1, 1, 0, 1, 2, 1, 1, 3, 0, 2, 1, 1, 2, 2, 1, 1, 1, 1], [0, 0, 0, 1, 1, 1, 1, 1, 1, 1], [1, 1, 1, 1, 1, 1, 1, 1, 1, 1], [1], [1, 1, 1, 2, 1, 1, 1]]
([   1 x_00], [0 1])
Nope! w/ p
[[0, 1, 1, 0, 1, 2, 1, 1, 3, 0, 2, 1, 1, 2, 2, 1, 1, 1, 1], [0, 0, 0, 1, 1, 1, 1, 1, 1, 1], [1, 1, 1, 1, 1, 1, 1, 1, 1, 1], [1], [1, 1, 1, 2, 1, 1, 1]]
([0 1], [   1 x_10])
Nope! w/ p
[[0, 1, 1, 0, 1, 2, 1, 1, 3, 0, 2, 1, 1, 2, 2, 1, 1, 1, 1], [0, 0, 0, 1, 1, 1, 1, 1, 1, 1], [1, 1, 1, 1, 1, 1, 1, 1, 1, 1], [1], [1, 1, 1, 2, 1, 1, 1]]
([0 1], [0 1])
Nope! w/ p
[[0, 1, 1, 0, 1, 2, 1, 1, 3, 0, 2, 1, 1, 2, 2, 1, 1, 1, 1], [0, 0, 1, 1, 0, 1, 1, 1, 1, 1], [1, 1, 1, 1, 1, 1, 1, 1, 1, 1], [1], [1, 1, 1, 2, 1, 1, 1]]
([   1 x_00], [   1 x_10])
Nope! w/ p
[[0, 1, 1, 0, 1, 2, 1, 1, 3, 0, 2, 1, 1, 2, 2, 1, 1, 1, 1], [0, 0, 1, 1, 0, 1, 1, 1, 1, 1], [1, 1, 1, 1, 1, 1, 1, 1, 1, 1], [1], [1, 1, 1, 2, 1, 1, 1]]
([   1 x_00], [0 1])
Nope! w/ p
[[0, 1, 1, 0, 1, 2, 1, 1, 3, 0, 2, 1, 1, 2, 2, 1, 1, 1, 1], [0, 0, 1, 1, 0, 1, 1, 1, 1, 1], [1, 1, 1, 1, 1, 1, 1, 1, 1, 1], [1], [1, 1, 1, 2, 1, 1, 1]]
([0 1], [   1 x_10])
Nope! w/ p
[[0, 1, 1, 0, 1, 2, 1, 1, 3, 0, 2, 1, 1, 2, 2, 1, 1, 1, 1], [0, 0, 1, 1, 0, 1, 1, 1, 1, 1], [1, 1, 1, 1, 1, 1, 1, 1, 1, 1], [1], [1, 1, 1, 2, 1, 1, 1]]
([0 1], [0 1])
Nope!
[[0, 1, 1, 0, 2, 2, 0, 0, 3, 1, 2, 1, 1, 2, 2, 1, 1, 1, 1], [0, 0, 0, 1, 1, 1, 1, 1, 1, 1], [1, 1, 1, 1, 1, 1, 1, 1, 1, 1], [1], [1, 1, 1, 2, 1, 1, 1]]
Nope!
[[0, 1, 1, 0, 2, 2, 0, 0, 3, 1, 2, 1, 1, 2, 2, 1, 1, 1, 1], [0, 0, 1, 1, 0, 1, 1, 1, 1, 1], [1, 1, 1, 1, 1, 1, 1, 1, 1, 1], [1], [1, 1, 1, 2, 1, 1, 1]]
Nope! w/ p
[[0, 1, 1, 0, 2, 2, 0, 1, 2, 1, 2, 1, 1, 2, 2, 1, 1, 1, 1], [0, 0, 0, 1, 1, 1, 1, 1, 1, 1], [1, 1, 1, 1, 1, 1, 1, 1, 1, 1], [1], [1, 1, 1, 2, 1, 1, 1]]
([   1 x_00], [   1    0 x_10]
[   0    1    0])
Nope! w/ p
[[0, 1, 1, 0, 2, 2, 0, 1, 2, 1, 2, 1, 1, 2, 2, 1, 1, 1, 1], [0, 0, 0, 1, 1, 1, 1, 1, 1, 1], [1, 1, 1, 1, 1, 1, 1, 1, 1, 1], [1], [1, 1, 1, 2, 1, 1, 1]]
([   1 x_00], [   1 x_10    0]
[   0    0    1])
Nope! w/ p
[[0, 1, 1, 0, 2, 2, 0, 1, 2, 1, 2, 1, 1, 2, 2, 1, 1, 1, 1], [0, 0, 0, 1, 1, 1, 1, 1, 1, 1], [1, 1, 1, 1, 1, 1, 1, 1, 1, 1], [1], [1, 1, 1, 2, 1, 1, 1]]
([   1 x_00], [0 1 0]
[0 0 1])
Nope! w/ p
[[0, 1, 1, 0, 2, 2, 0, 1, 2, 1, 2, 1, 1, 2, 2, 1, 1, 1, 1], [0, 0, 0, 1, 1, 1, 1, 1, 1, 1], [1, 1, 1, 1, 1, 1, 1, 1, 1, 1], [1], [1, 1, 1, 2, 1, 1, 1]]
([0 1], [   1    0 x_10]
[   0    1    0])
Nope! w/ p
[[0, 1, 1, 0, 2, 2, 0, 1, 2, 1, 2, 1, 1, 2, 2, 1, 1, 1, 1], [0, 0, 0, 1, 1, 1, 1, 1, 1, 1], [1, 1, 1, 1, 1, 1, 1, 1, 1, 1], [1], [1, 1, 1, 2, 1, 1, 1]]
([0 1], [   1 x_10    0]
[   0    0    1])
Nope! w/ p
[[0, 1, 1, 0, 2, 2, 0, 1, 2, 1, 2, 1, 1, 2, 2, 1, 1, 1, 1], [0, 0, 0, 1, 1, 1, 1, 1, 1, 1], [1, 1, 1, 1, 1, 1, 1, 1, 1, 1], [1], [1, 1, 1, 2, 1, 1, 1]]
([0 1], [0 1 0]
[0 0 1])
Nope! w/ p
[[0, 1, 1, 0, 2, 2, 0, 1, 2, 1, 2, 1, 1, 2, 2, 1, 1, 1, 1], [0, 0, 1, 1, 0, 1, 1, 1, 1, 1], [1, 1, 1, 1, 1, 1, 1, 1, 1, 1], [1], [1, 1, 1, 2, 1, 1, 1]]
([   1 x_00], [   1    0 x_10]
[   0    1    0])
Nope! w/ p
[[0, 1, 1, 0, 2, 2, 0, 1, 2, 1, 2, 1, 1, 2, 2, 1, 1, 1, 1], [0, 0, 1, 1, 0, 1, 1, 1, 1, 1], [1, 1, 1, 1, 1, 1, 1, 1, 1, 1], [1], [1, 1, 1, 2, 1, 1, 1]]
([   1 x_00], [   1 x_10    0]
[   0    0    1])
Nope! w/ p
[[0, 1, 1, 0, 2, 2, 0, 1, 2, 1, 2, 1, 1, 2, 2, 1, 1, 1, 1], [0, 0, 1, 1, 0, 1, 1, 1, 1, 1], [1, 1, 1, 1, 1, 1, 1, 1, 1, 1], [1], [1, 1, 1, 2, 1, 1, 1]]
([   1 x_00], [0 1 0]
[0 0 1])
Nope! w/ p
[[0, 1, 1, 0, 2, 2, 0, 1, 2, 1, 2, 1, 1, 2, 2, 1, 1, 1, 1], [0, 0, 1, 1, 0, 1, 1, 1, 1, 1], [1, 1, 1, 1, 1, 1, 1, 1, 1, 1], [1], [1, 1, 1, 2, 1, 1, 1]]
([0 1], [   1    0 x_10]
[   0    1    0])
Nope! w/ p
[[0, 1, 1, 0, 2, 2, 0, 1, 2, 1, 2, 1, 1, 2, 2, 1, 1, 1, 1], [0, 0, 1, 1, 0, 1, 1, 1, 1, 1], [1, 1, 1, 1, 1, 1, 1, 1, 1, 1], [1], [1, 1, 1, 2, 1, 1, 1]]
([0 1], [   1 x_10    0]
[   0    0    1])
Nope! w/ p
[[0, 1, 1, 0, 2, 2, 0, 1, 2, 1, 2, 1, 1, 2, 2, 1, 1, 1, 1], [0, 0, 1, 1, 0, 1, 1, 1, 1, 1], [1, 1, 1, 1, 1, 1, 1, 1, 1, 1], [1], [1, 1, 1, 2, 1, 1, 1]]
([0 1], [0 1 0]
[0 0 1])
Nope! w/ p
[[0, 1, 1, 0, 2, 2, 0, 1, 3, 0, 2, 1, 1, 2, 2, 1, 1, 1, 1], [0, 0, 0, 1, 1, 1, 1, 1, 1, 1], [1, 1, 1, 1, 1, 1, 1, 1, 1, 1], [1], [1, 1, 1, 2, 1, 1, 1]]
([   1 x_00],)
Nope! w/ p
[[0, 1, 1, 0, 2, 2, 0, 1, 3, 0, 2, 1, 1, 2, 2, 1, 1, 1, 1], [0, 0, 0, 1, 1, 1, 1, 1, 1, 1], [1, 1, 1, 1, 1, 1, 1, 1, 1, 1], [1], [1, 1, 1, 2, 1, 1, 1]]
([0 1],)
Nope! w/ p
[[0, 1, 1, 0, 2, 2, 0, 1, 3, 0, 2, 1, 1, 2, 2, 1, 1, 1, 1], [0, 0, 1, 1, 0, 1, 1, 1, 1, 1], [1, 1, 1, 1, 1, 1, 1, 1, 1, 1], [1], [1, 1, 1, 2, 1, 1, 1]]
([   1 x_00],)
Nope! w/ p
[[0, 1, 1, 0, 2, 2, 0, 1, 3, 0, 2, 1, 1, 2, 2, 1, 1, 1, 1], [0, 0, 1, 1, 0, 1, 1, 1, 1, 1], [1, 1, 1, 1, 1, 1, 1, 1, 1, 1], [1], [1, 1, 1, 2, 1, 1, 1]]
([0 1],)
Nope!
[[0, 0, 1, 0, 0, 2, 1, 2, 3, 1, 2, 1, 1, 2, 2, 1, 1, 1, 1], [0, 0, 0, 1, 1, 1, 1, 1, 1, 1], [1, 1, 1, 1, 1, 1, 1, 1, 1, 1], [1], [1, 1, 1, 2, 1, 1, 1]]
Nope!
[[0, 0, 1, 0, 0, 2, 1, 2, 3, 1, 2, 1, 1, 2, 2, 1, 1, 1, 1], [0, 0, 1, 1, 0, 1, 1, 1, 1, 1], [1, 1, 1, 1, 1, 1, 1, 1, 1, 1], [1], [1, 1, 1, 2, 1, 1, 1]]
Nope! w/ p
[[0, 0, 1, 0, 1, 2, 0, 2, 3, 1, 2, 1, 1, 2, 2, 1, 1, 1, 1], [0, 0, 0, 1, 1, 1, 1, 1, 1, 1], [1, 1, 1, 1, 1, 1, 1, 1, 1, 1], [1], [1, 1, 1, 2, 1, 1, 1]]
([   1 x_00],)
Nope! w/ p
[[0, 0, 1, 0, 1, 2, 0, 2, 3, 1, 2, 1, 1, 2, 2, 1, 1, 1, 1], [0, 0, 0, 1, 1, 1, 1, 1, 1, 1], [1, 1, 1, 1, 1, 1, 1, 1, 1, 1], [1], [1, 1, 1, 2, 1, 1, 1]]
([0 1],)
Nope! w/ p
[[0, 0, 1, 0, 1, 2, 0, 2, 3, 1, 2, 1, 1, 2, 2, 1, 1, 1, 1], [0, 0, 1, 1, 0, 1, 1, 1, 1, 1], [1, 1, 1, 1, 1, 1, 1, 1, 1, 1], [1], [1, 1, 1, 2, 1, 1, 1]]
([   1 x_00],)
Nope! w/ p
[[0, 0, 1, 0, 1, 2, 0, 2, 3, 1, 2, 1, 1, 2, 2, 1, 1, 1, 1], [0, 0, 1, 1, 0, 1, 1, 1, 1, 1], [1, 1, 1, 1, 1, 1, 1, 1, 1, 1], [1], [1, 1, 1, 2, 1, 1, 1]]
([0 1],)
Nope! w/ p
[[0, 0, 1, 0, 1, 1, 1, 2, 3, 1, 2, 1, 1, 2, 2, 1, 1, 1, 1], [0, 0, 0, 1, 1, 1, 1, 1, 1, 1], [1, 1, 1, 1, 1, 1, 1, 1, 1, 1], [1], [1, 1, 1, 2, 1, 1, 1]]
([   1 x_00], [   1 x_10])
Nope! w/ p
[[0, 0, 1, 0, 1, 1, 1, 2, 3, 1, 2, 1, 1, 2, 2, 1, 1, 1, 1], [0, 0, 0, 1, 1, 1, 1, 1, 1, 1], [1, 1, 1, 1, 1, 1, 1, 1, 1, 1], [1], [1, 1, 1, 2, 1, 1, 1]]
([   1 x_00], [0 1])
Nope! w/ p
[[0, 0, 1, 0, 1, 1, 1, 2, 3, 1, 2, 1, 1, 2, 2, 1, 1, 1, 1], [0, 0, 0, 1, 1, 1, 1, 1, 1, 1], [1, 1, 1, 1, 1, 1, 1, 1, 1, 1], [1], [1, 1, 1, 2, 1, 1, 1]]
([0 1], [   1 x_10])
Nope! w/ p
[[0, 0, 1, 0, 1, 1, 1, 2, 3, 1, 2, 1, 1, 2, 2, 1, 1, 1, 1], [0, 0, 0, 1, 1, 1, 1, 1, 1, 1], [1, 1, 1, 1, 1, 1, 1, 1, 1, 1], [1], [1, 1, 1, 2, 1, 1, 1]]
([0 1], [0 1])
Nope! w/ p
[[0, 0, 1, 0, 1, 1, 1, 2, 3, 1, 2, 1, 1, 2, 2, 1, 1, 1, 1], [0, 0, 1, 1, 0, 1, 1, 1, 1, 1], [1, 1, 1, 1, 1, 1, 1, 1, 1, 1], [1], [1, 1, 1, 2, 1, 1, 1]]
([   1 x_00], [   1 x_10])
Nope! w/ p
[[0, 0, 1, 0, 1, 1, 1, 2, 3, 1, 2, 1, 1, 2, 2, 1, 1, 1, 1], [0, 0, 1, 1, 0, 1, 1, 1, 1, 1], [1, 1, 1, 1, 1, 1, 1, 1, 1, 1], [1], [1, 1, 1, 2, 1, 1, 1]]
([   1 x_00], [0 1])
Nope! w/ p
[[0, 0, 1, 0, 1, 1, 1, 2, 3, 1, 2, 1, 1, 2, 2, 1, 1, 1, 1], [0, 0, 1, 1, 0, 1, 1, 1, 1, 1], [1, 1, 1, 1, 1, 1, 1, 1, 1, 1], [1], [1, 1, 1, 2, 1, 1, 1]]
([0 1], [   1 x_10])
Nope! w/ p
[[0, 0, 1, 0, 1, 1, 1, 2, 3, 1, 2, 1, 1, 2, 2, 1, 1, 1, 1], [0, 0, 1, 1, 0, 1, 1, 1, 1, 1], [1, 1, 1, 1, 1, 1, 1, 1, 1, 1], [1], [1, 1, 1, 2, 1, 1, 1]]
([0 1], [0 1])
Nope! w/ p
[[0, 0, 1, 0, 1, 2, 1, 1, 3, 1, 2, 1, 1, 2, 2, 1, 1, 1, 1], [0, 0, 0, 1, 1, 1, 1, 1, 1, 1], [1, 1, 1, 1, 1, 1, 1, 1, 1, 1], [1], [1, 1, 1, 2, 1, 1, 1]]
([   1 x_00], [   1 x_10])
Nope! w/ p
[[0, 0, 1, 0, 1, 2, 1, 1, 3, 1, 2, 1, 1, 2, 2, 1, 1, 1, 1], [0, 0, 0, 1, 1, 1, 1, 1, 1, 1], [1, 1, 1, 1, 1, 1, 1, 1, 1, 1], [1], [1, 1, 1, 2, 1, 1, 1]]
([   1 x_00], [0 1])
Nope! w/ p
[[0, 0, 1, 0, 1, 2, 1, 1, 3, 1, 2, 1, 1, 2, 2, 1, 1, 1, 1], [0, 0, 0, 1, 1, 1, 1, 1, 1, 1], [1, 1, 1, 1, 1, 1, 1, 1, 1, 1], [1], [1, 1, 1, 2, 1, 1, 1]]
([0 1], [   1 x_10])
Nope! w/ p
[[0, 0, 1, 0, 1, 2, 1, 1, 3, 1, 2, 1, 1, 2, 2, 1, 1, 1, 1], [0, 0, 0, 1, 1, 1, 1, 1, 1, 1], [1, 1, 1, 1, 1, 1, 1, 1, 1, 1], [1], [1, 1, 1, 2, 1, 1, 1]]
([0 1], [0 1])
Nope! w/ p
[[0, 0, 1, 0, 1, 2, 1, 1, 3, 1, 2, 1, 1, 2, 2, 1, 1, 1, 1], [0, 0, 1, 1, 0, 1, 1, 1, 1, 1], [1, 1, 1, 1, 1, 1, 1, 1, 1, 1], [1], [1, 1, 1, 2, 1, 1, 1]]
([   1 x_00], [   1 x_10])
Nope! w/ p
[[0, 0, 1, 0, 1, 2, 1, 1, 3, 1, 2, 1, 1, 2, 2, 1, 1, 1, 1], [0, 0, 1, 1, 0, 1, 1, 1, 1, 1], [1, 1, 1, 1, 1, 1, 1, 1, 1, 1], [1], [1, 1, 1, 2, 1, 1, 1]]
([   1 x_00], [0 1])
Nope! w/ p
[[0, 0, 1, 0, 1, 2, 1, 1, 3, 1, 2, 1, 1, 2, 2, 1, 1, 1, 1], [0, 0, 1, 1, 0, 1, 1, 1, 1, 1], [1, 1, 1, 1, 1, 1, 1, 1, 1, 1], [1], [1, 1, 1, 2, 1, 1, 1]]
([0 1], [   1 x_10])
Nope! w/ p
[[0, 0, 1, 0, 1, 2, 1, 1, 3, 1, 2, 1, 1, 2, 2, 1, 1, 1, 1], [0, 0, 1, 1, 0, 1, 1, 1, 1, 1], [1, 1, 1, 1, 1, 1, 1, 1, 1, 1], [1], [1, 1, 1, 2, 1, 1, 1]]
([0 1], [0 1])
Nope! w/ p
[[0, 0, 1, 0, 2, 2, 0, 1, 3, 1, 2, 1, 1, 2, 2, 1, 1, 1, 1], [0, 0, 0, 1, 1, 1, 1, 1, 1, 1], [1, 1, 1, 1, 1, 1, 1, 1, 1, 1], [1], [1, 1, 1, 2, 1, 1, 1]]
([   1 x_00],)
Nope! w/ p
[[0, 0, 1, 0, 2, 2, 0, 1, 3, 1, 2, 1, 1, 2, 2, 1, 1, 1, 1], [0, 0, 0, 1, 1, 1, 1, 1, 1, 1], [1, 1, 1, 1, 1, 1, 1, 1, 1, 1], [1], [1, 1, 1, 2, 1, 1, 1]]
([0 1],)
Nope! w/ p
[[0, 0, 1, 0, 2, 2, 0, 1, 3, 1, 2, 1, 1, 2, 2, 1, 1, 1, 1], [0, 0, 1, 1, 0, 1, 1, 1, 1, 1], [1, 1, 1, 1, 1, 1, 1, 1, 1, 1], [1], [1, 1, 1, 2, 1, 1, 1]]
([   1 x_00],)
Nope! w/ p
[[0, 0, 1, 0, 2, 2, 0, 1, 3, 1, 2, 1, 1, 2, 2, 1, 1, 1, 1], [0, 0, 1, 1, 0, 1, 1, 1, 1, 1], [1, 1, 1, 1, 1, 1, 1, 1, 1, 1], [1], [1, 1, 1, 2, 1, 1, 1]]
([0 1],)
Nope!
[[0, 0, 1, 1, 0, 2, 0, 2, 3, 1, 2, 1, 1, 2, 2, 1, 1, 1, 1], [0, 0, 0, 1, 1, 1, 1, 1, 1, 1], [1, 1, 1, 1, 1, 1, 1, 1, 1, 1], [1], [1, 1, 1, 2, 1, 1, 1]]
Nope!
[[0, 0, 1, 1, 0, 2, 0, 2, 3, 1, 2, 1, 1, 2, 2, 1, 1, 1, 1], [0, 0, 1, 1, 0, 1, 1, 1, 1, 1], [1, 1, 1, 1, 1, 1, 1, 1, 1, 1], [1], [1, 1, 1, 2, 1, 1, 1]]
Nope! w/ p
[[0, 0, 1, 1, 0, 1, 1, 2, 3, 1, 2, 1, 1, 2, 2, 1, 1, 1, 1], [0, 0, 0, 1, 1, 1, 1, 1, 1, 1], [1, 1, 1, 1, 1, 1, 1, 1, 1, 1], [1], [1, 1, 1, 2, 1, 1, 1]]
([   1 x_00],)
Nope! w/ p
[[0, 0, 1, 1, 0, 1, 1, 2, 3, 1, 2, 1, 1, 2, 2, 1, 1, 1, 1], [0, 0, 0, 1, 1, 1, 1, 1, 1, 1], [1, 1, 1, 1, 1, 1, 1, 1, 1, 1], [1], [1, 1, 1, 2, 1, 1, 1]]
([0 1],)
Nope! w/ p
[[0, 0, 1, 1, 0, 1, 1, 2, 3, 1, 2, 1, 1, 2, 2, 1, 1, 1, 1], [0, 0, 1, 1, 0, 1, 1, 1, 1, 1], [1, 1, 1, 1, 1, 1, 1, 1, 1, 1], [1], [1, 1, 1, 2, 1, 1, 1]]
([   1 x_00],)
Nope! w/ p
[[0, 0, 1, 1, 0, 1, 1, 2, 3, 1, 2, 1, 1, 2, 2, 1, 1, 1, 1], [0, 0, 1, 1, 0, 1, 1, 1, 1, 1], [1, 1, 1, 1, 1, 1, 1, 1, 1, 1], [1], [1, 1, 1, 2, 1, 1, 1]]
([0 1],)
Nope! w/ p
[[0, 0, 1, 1, 0, 2, 1, 1, 3, 1, 2, 1, 1, 2, 2, 1, 1, 1, 1], [0, 0, 0, 1, 1, 1, 1, 1, 1, 1], [1, 1, 1, 1, 1, 1, 1, 1, 1, 1], [1], [1, 1, 1, 2, 1, 1, 1]]
([   1 x_00],)
Nope! w/ p
[[0, 0, 1, 1, 0, 2, 1, 1, 3, 1, 2, 1, 1, 2, 2, 1, 1, 1, 1], [0, 0, 0, 1, 1, 1, 1, 1, 1, 1], [1, 1, 1, 1, 1, 1, 1, 1, 1, 1], [1], [1, 1, 1, 2, 1, 1, 1]]
([0 1],)
Nope! w/ p
[[0, 0, 1, 1, 0, 2, 1, 1, 3, 1, 2, 1, 1, 2, 2, 1, 1, 1, 1], [0, 0, 1, 1, 0, 1, 1, 1, 1, 1], [1, 1, 1, 1, 1, 1, 1, 1, 1, 1], [1], [1, 1, 1, 2, 1, 1, 1]]
([   1 x_00],)
Nope! w/ p
[[0, 0, 1, 1, 0, 2, 1, 1, 3, 1, 2, 1, 1, 2, 2, 1, 1, 1, 1], [0, 0, 1, 1, 0, 1, 1, 1, 1, 1], [1, 1, 1, 1, 1, 1, 1, 1, 1, 1], [1], [1, 1, 1, 2, 1, 1, 1]]
([0 1],)
Nope! w/ p
[[0, 0, 1, 1, 1, 2, 0, 1, 3, 1, 2, 1, 1, 2, 2, 1, 1, 1, 1], [0, 0, 0, 1, 1, 1, 1, 1, 1, 1], [1, 1, 1, 1, 1, 1, 1, 1, 1, 1], [1], [1, 1, 1, 2, 1, 1, 1]]
([   1 x_00], [   1 x_10])
Nope! w/ p
[[0, 0, 1, 1, 1, 2, 0, 1, 3, 1, 2, 1, 1, 2, 2, 1, 1, 1, 1], [0, 0, 0, 1, 1, 1, 1, 1, 1, 1], [1, 1, 1, 1, 1, 1, 1, 1, 1, 1], [1], [1, 1, 1, 2, 1, 1, 1]]
([   1 x_00], [0 1])
Nope! w/ p
[[0, 0, 1, 1, 1, 2, 0, 1, 3, 1, 2, 1, 1, 2, 2, 1, 1, 1, 1], [0, 0, 0, 1, 1, 1, 1, 1, 1, 1], [1, 1, 1, 1, 1, 1, 1, 1, 1, 1], [1], [1, 1, 1, 2, 1, 1, 1]]
([0 1], [   1 x_10])
Nope! w/ p
[[0, 0, 1, 1, 1, 2, 0, 1, 3, 1, 2, 1, 1, 2, 2, 1, 1, 1, 1], [0, 0, 0, 1, 1, 1, 1, 1, 1, 1], [1, 1, 1, 1, 1, 1, 1, 1, 1, 1], [1], [1, 1, 1, 2, 1, 1, 1]]
([0 1], [0 1])
Nope! w/ p
[[0, 0, 1, 1, 1, 2, 0, 1, 3, 1, 2, 1, 1, 2, 2, 1, 1, 1, 1], [0, 0, 1, 1, 0, 1, 1, 1, 1, 1], [1, 1, 1, 1, 1, 1, 1, 1, 1, 1], [1], [1, 1, 1, 2, 1, 1, 1]]
([   1 x_00], [   1 x_10])
Nope! w/ p
[[0, 0, 1, 1, 1, 2, 0, 1, 3, 1, 2, 1, 1, 2, 2, 1, 1, 1, 1], [0, 0, 1, 1, 0, 1, 1, 1, 1, 1], [1, 1, 1, 1, 1, 1, 1, 1, 1, 1], [1], [1, 1, 1, 2, 1, 1, 1]]
([   1 x_00], [0 1])
Nope! w/ p
[[0, 0, 1, 1, 1, 2, 0, 1, 3, 1, 2, 1, 1, 2, 2, 1, 1, 1, 1], [0, 0, 1, 1, 0, 1, 1, 1, 1, 1], [1, 1, 1, 1, 1, 1, 1, 1, 1, 1], [1], [1, 1, 1, 2, 1, 1, 1]]
([0 1], [   1 x_10])
Nope! w/ p
[[0, 0, 1, 1, 1, 2, 0, 1, 3, 1, 2, 1, 1, 2, 2, 1, 1, 1, 1], [0, 0, 1, 1, 0, 1, 1, 1, 1, 1], [1, 1, 1, 1, 1, 1, 1, 1, 1, 1], [1], [1, 1, 1, 2, 1, 1, 1]]
([0 1], [0 1])
Nope! w/ p
[[0, 0, 1, 1, 1, 1, 1, 1, 3, 1, 2, 1, 1, 2, 2, 1, 1, 1, 1], [0, 0, 0, 1, 1, 1, 1, 1, 1, 1], [1, 1, 1, 1, 1, 1, 1, 1, 1, 1], [1], [1, 1, 1, 2, 1, 1, 1]]
([   1 x_00], [   1 x_10], [   1 x_20])
Nope! w/ p
[[0, 0, 1, 1, 1, 1, 1, 1, 3, 1, 2, 1, 1, 2, 2, 1, 1, 1, 1], [0, 0, 0, 1, 1, 1, 1, 1, 1, 1], [1, 1, 1, 1, 1, 1, 1, 1, 1, 1], [1], [1, 1, 1, 2, 1, 1, 1]]
([   1 x_00], [   1 x_10], [0 1])
Nope! w/ p
[[0, 0, 1, 1, 1, 1, 1, 1, 3, 1, 2, 1, 1, 2, 2, 1, 1, 1, 1], [0, 0, 0, 1, 1, 1, 1, 1, 1, 1], [1, 1, 1, 1, 1, 1, 1, 1, 1, 1], [1], [1, 1, 1, 2, 1, 1, 1]]
([   1 x_00], [0 1], [   1 x_20])
Nope! w/ p
[[0, 0, 1, 1, 1, 1, 1, 1, 3, 1, 2, 1, 1, 2, 2, 1, 1, 1, 1], [0, 0, 0, 1, 1, 1, 1, 1, 1, 1], [1, 1, 1, 1, 1, 1, 1, 1, 1, 1], [1], [1, 1, 1, 2, 1, 1, 1]]
([   1 x_00], [0 1], [0 1])
Nope! w/ p
[[0, 0, 1, 1, 1, 1, 1, 1, 3, 1, 2, 1, 1, 2, 2, 1, 1, 1, 1], [0, 0, 0, 1, 1, 1, 1, 1, 1, 1], [1, 1, 1, 1, 1, 1, 1, 1, 1, 1], [1], [1, 1, 1, 2, 1, 1, 1]]
([0 1], [   1 x_10], [   1 x_20])
Nope! w/ p
[[0, 0, 1, 1, 1, 1, 1, 1, 3, 1, 2, 1, 1, 2, 2, 1, 1, 1, 1], [0, 0, 0, 1, 1, 1, 1, 1, 1, 1], [1, 1, 1, 1, 1, 1, 1, 1, 1, 1], [1], [1, 1, 1, 2, 1, 1, 1]]
([0 1], [   1 x_10], [0 1])
Nope! w/ p
[[0, 0, 1, 1, 1, 1, 1, 1, 3, 1, 2, 1, 1, 2, 2, 1, 1, 1, 1], [0, 0, 0, 1, 1, 1, 1, 1, 1, 1], [1, 1, 1, 1, 1, 1, 1, 1, 1, 1], [1], [1, 1, 1, 2, 1, 1, 1]]
([0 1], [0 1], [   1 x_20])
Nope! w/ p
[[0, 0, 1, 1, 1, 1, 1, 1, 3, 1, 2, 1, 1, 2, 2, 1, 1, 1, 1], [0, 0, 0, 1, 1, 1, 1, 1, 1, 1], [1, 1, 1, 1, 1, 1, 1, 1, 1, 1], [1], [1, 1, 1, 2, 1, 1, 1]]
([0 1], [0 1], [0 1])
Nope! w/ p
[[0, 0, 1, 1, 1, 1, 1, 1, 3, 1, 2, 1, 1, 2, 2, 1, 1, 1, 1], [0, 0, 1, 1, 0, 1, 1, 1, 1, 1], [1, 1, 1, 1, 1, 1, 1, 1, 1, 1], [1], [1, 1, 1, 2, 1, 1, 1]]
([   1 x_00], [   1 x_10], [   1 x_20])
Nope! w/ p
[[0, 0, 1, 1, 1, 1, 1, 1, 3, 1, 2, 1, 1, 2, 2, 1, 1, 1, 1], [0, 0, 1, 1, 0, 1, 1, 1, 1, 1], [1, 1, 1, 1, 1, 1, 1, 1, 1, 1], [1], [1, 1, 1, 2, 1, 1, 1]]
([   1 x_00], [   1 x_10], [0 1])
Nope! w/ p
[[0, 0, 1, 1, 1, 1, 1, 1, 3, 1, 2, 1, 1, 2, 2, 1, 1, 1, 1], [0, 0, 1, 1, 0, 1, 1, 1, 1, 1], [1, 1, 1, 1, 1, 1, 1, 1, 1, 1], [1], [1, 1, 1, 2, 1, 1, 1]]
([   1 x_00], [0 1], [   1 x_20])
Nope! w/ p
[[0, 0, 1, 1, 1, 1, 1, 1, 3, 1, 2, 1, 1, 2, 2, 1, 1, 1, 1], [0, 0, 1, 1, 0, 1, 1, 1, 1, 1], [1, 1, 1, 1, 1, 1, 1, 1, 1, 1], [1], [1, 1, 1, 2, 1, 1, 1]]
([   1 x_00], [0 1], [0 1])
Nope! w/ p
[[0, 0, 1, 1, 1, 1, 1, 1, 3, 1, 2, 1, 1, 2, 2, 1, 1, 1, 1], [0, 0, 1, 1, 0, 1, 1, 1, 1, 1], [1, 1, 1, 1, 1, 1, 1, 1, 1, 1], [1], [1, 1, 1, 2, 1, 1, 1]]
([0 1], [   1 x_10], [   1 x_20])
Nope! w/ p
[[0, 0, 1, 1, 1, 1, 1, 1, 3, 1, 2, 1, 1, 2, 2, 1, 1, 1, 1], [0, 0, 1, 1, 0, 1, 1, 1, 1, 1], [1, 1, 1, 1, 1, 1, 1, 1, 1, 1], [1], [1, 1, 1, 2, 1, 1, 1]]
([0 1], [   1 x_10], [0 1])
Nope! w/ p
[[0, 0, 1, 1, 1, 1, 1, 1, 3, 1, 2, 1, 1, 2, 2, 1, 1, 1, 1], [0, 0, 1, 1, 0, 1, 1, 1, 1, 1], [1, 1, 1, 1, 1, 1, 1, 1, 1, 1], [1], [1, 1, 1, 2, 1, 1, 1]]
([0 1], [0 1], [   1 x_20])
Nope! w/ p
[[0, 0, 1, 1, 1, 1, 1, 1, 3, 1, 2, 1, 1, 2, 2, 1, 1, 1, 1], [0, 0, 1, 1, 0, 1, 1, 1, 1, 1], [1, 1, 1, 1, 1, 1, 1, 1, 1, 1], [1], [1, 1, 1, 2, 1, 1, 1]]
([0 1], [0 1], [0 1])
Nope! w/ p
[[0, 0, 1, 1, 1, 0, 1, 2, 3, 1, 2, 1, 1, 2, 2, 1, 1, 1, 1], [0, 0, 0, 1, 1, 1, 1, 1, 1, 1], [1, 1, 1, 1, 1, 1, 1, 1, 1, 1], [1], [1, 1, 1, 2, 1, 1, 1]]
([   1 x_00],)
Nope! w/ p
[[0, 0, 1, 1, 1, 0, 1, 2, 3, 1, 2, 1, 1, 2, 2, 1, 1, 1, 1], [0, 0, 0, 1, 1, 1, 1, 1, 1, 1], [1, 1, 1, 1, 1, 1, 1, 1, 1, 1], [1], [1, 1, 1, 2, 1, 1, 1]]
([0 1],)
Nope! w/ p
[[0, 0, 1, 1, 1, 0, 1, 2, 3, 1, 2, 1, 1, 2, 2, 1, 1, 1, 1], [0, 0, 1, 1, 0, 1, 1, 1, 1, 1], [1, 1, 1, 1, 1, 1, 1, 1, 1, 1], [1], [1, 1, 1, 2, 1, 1, 1]]
([   1 x_00],)
Nope! w/ p
[[0, 0, 1, 1, 1, 0, 1, 2, 3, 1, 2, 1, 1, 2, 2, 1, 1, 1, 1], [0, 0, 1, 1, 0, 1, 1, 1, 1, 1], [1, 1, 1, 1, 1, 1, 1, 1, 1, 1], [1], [1, 1, 1, 2, 1, 1, 1]]
([0 1],)
Nope! w/ p
[[0, 0, 1, 1, 1, 1, 1, 2, 3, 1, 2, 1, 0, 2, 2, 1, 1, 1, 1], [0, 0, 0, 1, 1, 1, 1, 1, 1, 1], [1, 1, 1, 1, 1, 1, 1, 1, 1, 1], [1], [1, 1, 1, 2, 1, 1, 1]]
([   1 x_00], [   1 x_10])
Nope! w/ p
[[0, 0, 1, 1, 1, 1, 1, 2, 3, 1, 2, 1, 0, 2, 2, 1, 1, 1, 1], [0, 0, 0, 1, 1, 1, 1, 1, 1, 1], [1, 1, 1, 1, 1, 1, 1, 1, 1, 1], [1], [1, 1, 1, 2, 1, 1, 1]]
([   1 x_00], [0 1])
Nope! w/ p
[[0, 0, 1, 1, 1, 1, 1, 2, 3, 1, 2, 1, 0, 2, 2, 1, 1, 1, 1], [0, 0, 0, 1, 1, 1, 1, 1, 1, 1], [1, 1, 1, 1, 1, 1, 1, 1, 1, 1], [1], [1, 1, 1, 2, 1, 1, 1]]
([0 1], [   1 x_10])
Nope! w/ p
[[0, 0, 1, 1, 1, 1, 1, 2, 3, 1, 2, 1, 0, 2, 2, 1, 1, 1, 1], [0, 0, 0, 1, 1, 1, 1, 1, 1, 1], [1, 1, 1, 1, 1, 1, 1, 1, 1, 1], [1], [1, 1, 1, 2, 1, 1, 1]]
([0 1], [0 1])
Nope! w/ p
[[0, 0, 1, 1, 1, 1, 1, 2, 3, 1, 2, 1, 0, 2, 2, 1, 1, 1, 1], [0, 0, 1, 1, 0, 1, 1, 1, 1, 1], [1, 1, 1, 1, 1, 1, 1, 1, 1, 1], [1], [1, 1, 1, 2, 1, 1, 1]]
([   1 x_00], [   1 x_10])
Nope! w/ p
[[0, 0, 1, 1, 1, 1, 1, 2, 3, 1, 2, 1, 0, 2, 2, 1, 1, 1, 1], [0, 0, 1, 1, 0, 1, 1, 1, 1, 1], [1, 1, 1, 1, 1, 1, 1, 1, 1, 1], [1], [1, 1, 1, 2, 1, 1, 1]]
([   1 x_00], [0 1])
Nope! w/ p
[[0, 0, 1, 1, 1, 1, 1, 2, 3, 1, 2, 1, 0, 2, 2, 1, 1, 1, 1], [0, 0, 1, 1, 0, 1, 1, 1, 1, 1], [1, 1, 1, 1, 1, 1, 1, 1, 1, 1], [1], [1, 1, 1, 2, 1, 1, 1]]
([0 1], [   1 x_10])
Nope! w/ p
[[0, 0, 1, 1, 1, 1, 1, 2, 3, 1, 2, 1, 0, 2, 2, 1, 1, 1, 1], [0, 0, 1, 1, 0, 1, 1, 1, 1, 1], [1, 1, 1, 1, 1, 1, 1, 1, 1, 1], [1], [1, 1, 1, 2, 1, 1, 1]]
([0 1], [0 1])
Nope! w/ p
[[0, 0, 1, 1, 1, 1, 1, 2, 2, 1, 2, 1, 1, 2, 2, 1, 1, 1, 1], [0, 0, 0, 1, 1, 1, 1, 1, 1, 1], [1, 1, 1, 1, 1, 1, 1, 1, 1, 1], [1], [1, 1, 1, 2, 1, 1, 1]]
([   1 x_00], [   1 x_10], [   1    0 x_20]
[   0    1    0])
Nope! w/ p
[[0, 0, 1, 1, 1, 1, 1, 2, 2, 1, 2, 1, 1, 2, 2, 1, 1, 1, 1], [0, 0, 0, 1, 1, 1, 1, 1, 1, 1], [1, 1, 1, 1, 1, 1, 1, 1, 1, 1], [1], [1, 1, 1, 2, 1, 1, 1]]
([   1 x_00], [   1 x_10], [   1 x_20    0]
[   0    0    1])
Nope! w/ p
[[0, 0, 1, 1, 1, 1, 1, 2, 2, 1, 2, 1, 1, 2, 2, 1, 1, 1, 1], [0, 0, 0, 1, 1, 1, 1, 1, 1, 1], [1, 1, 1, 1, 1, 1, 1, 1, 1, 1], [1], [1, 1, 1, 2, 1, 1, 1]]
([   1 x_00], [   1 x_10], [0 1 0]
[0 0 1])
Nope! w/ p
[[0, 0, 1, 1, 1, 1, 1, 2, 2, 1, 2, 1, 1, 2, 2, 1, 1, 1, 1], [0, 0, 0, 1, 1, 1, 1, 1, 1, 1], [1, 1, 1, 1, 1, 1, 1, 1, 1, 1], [1], [1, 1, 1, 2, 1, 1, 1]]
([   1 x_00], [0 1], [   1    0 x_20]
[   0    1    0])
Nope! w/ p
[[0, 0, 1, 1, 1, 1, 1, 2, 2, 1, 2, 1, 1, 2, 2, 1, 1, 1, 1], [0, 0, 0, 1, 1, 1, 1, 1, 1, 1], [1, 1, 1, 1, 1, 1, 1, 1, 1, 1], [1], [1, 1, 1, 2, 1, 1, 1]]
([   1 x_00], [0 1], [   1 x_20    0]
[   0    0    1])
Nope! w/ p
[[0, 0, 1, 1, 1, 1, 1, 2, 2, 1, 2, 1, 1, 2, 2, 1, 1, 1, 1], [0, 0, 0, 1, 1, 1, 1, 1, 1, 1], [1, 1, 1, 1, 1, 1, 1, 1, 1, 1], [1], [1, 1, 1, 2, 1, 1, 1]]
([   1 x_00], [0 1], [0 1 0]
[0 0 1])
Nope! w/ p
[[0, 0, 1, 1, 1, 1, 1, 2, 2, 1, 2, 1, 1, 2, 2, 1, 1, 1, 1], [0, 0, 0, 1, 1, 1, 1, 1, 1, 1], [1, 1, 1, 1, 1, 1, 1, 1, 1, 1], [1], [1, 1, 1, 2, 1, 1, 1]]
([0 1], [   1 x_10], [   1    0 x_20]
[   0    1    0])
Nope! w/ p
[[0, 0, 1, 1, 1, 1, 1, 2, 2, 1, 2, 1, 1, 2, 2, 1, 1, 1, 1], [0, 0, 0, 1, 1, 1, 1, 1, 1, 1], [1, 1, 1, 1, 1, 1, 1, 1, 1, 1], [1], [1, 1, 1, 2, 1, 1, 1]]
([0 1], [   1 x_10], [   1 x_20    0]
[   0    0    1])
Nope! w/ p
[[0, 0, 1, 1, 1, 1, 1, 2, 2, 1, 2, 1, 1, 2, 2, 1, 1, 1, 1], [0, 0, 0, 1, 1, 1, 1, 1, 1, 1], [1, 1, 1, 1, 1, 1, 1, 1, 1, 1], [1], [1, 1, 1, 2, 1, 1, 1]]
([0 1], [   1 x_10], [0 1 0]
[0 0 1])
Nope! w/ p
[[0, 0, 1, 1, 1, 1, 1, 2, 2, 1, 2, 1, 1, 2, 2, 1, 1, 1, 1], [0, 0, 0, 1, 1, 1, 1, 1, 1, 1], [1, 1, 1, 1, 1, 1, 1, 1, 1, 1], [1], [1, 1, 1, 2, 1, 1, 1]]
([0 1], [0 1], [   1    0 x_20]
[   0    1    0])
Nope! w/ p
[[0, 0, 1, 1, 1, 1, 1, 2, 2, 1, 2, 1, 1, 2, 2, 1, 1, 1, 1], [0, 0, 0, 1, 1, 1, 1, 1, 1, 1], [1, 1, 1, 1, 1, 1, 1, 1, 1, 1], [1], [1, 1, 1, 2, 1, 1, 1]]
([0 1], [0 1], [   1 x_20    0]
[   0    0    1])
Nope! w/ p
[[0, 0, 1, 1, 1, 1, 1, 2, 2, 1, 2, 1, 1, 2, 2, 1, 1, 1, 1], [0, 0, 0, 1, 1, 1, 1, 1, 1, 1], [1, 1, 1, 1, 1, 1, 1, 1, 1, 1], [1], [1, 1, 1, 2, 1, 1, 1]]
([0 1], [0 1], [0 1 0]
[0 0 1])
Nope! w/ p
[[0, 0, 1, 1, 1, 1, 1, 2, 2, 1, 2, 1, 1, 2, 2, 1, 1, 1, 1], [0, 0, 1, 1, 0, 1, 1, 1, 1, 1], [1, 1, 1, 1, 1, 1, 1, 1, 1, 1], [1], [1, 1, 1, 2, 1, 1, 1]]
([   1 x_00], [   1 x_10], [   1    0 x_20]
[   0    1    0])
Nope! w/ p
[[0, 0, 1, 1, 1, 1, 1, 2, 2, 1, 2, 1, 1, 2, 2, 1, 1, 1, 1], [0, 0, 1, 1, 0, 1, 1, 1, 1, 1], [1, 1, 1, 1, 1, 1, 1, 1, 1, 1], [1], [1, 1, 1, 2, 1, 1, 1]]
([   1 x_00], [   1 x_10], [   1 x_20    0]
[   0    0    1])
Nope! w/ p
[[0, 0, 1, 1, 1, 1, 1, 2, 2, 1, 2, 1, 1, 2, 2, 1, 1, 1, 1], [0, 0, 1, 1, 0, 1, 1, 1, 1, 1], [1, 1, 1, 1, 1, 1, 1, 1, 1, 1], [1], [1, 1, 1, 2, 1, 1, 1]]
([   1 x_00], [   1 x_10], [0 1 0]
[0 0 1])
Nope! w/ p
[[0, 0, 1, 1, 1, 1, 1, 2, 2, 1, 2, 1, 1, 2, 2, 1, 1, 1, 1], [0, 0, 1, 1, 0, 1, 1, 1, 1, 1], [1, 1, 1, 1, 1, 1, 1, 1, 1, 1], [1], [1, 1, 1, 2, 1, 1, 1]]
([   1 x_00], [0 1], [   1    0 x_20]
[   0    1    0])
Nope! w/ p
[[0, 0, 1, 1, 1, 1, 1, 2, 2, 1, 2, 1, 1, 2, 2, 1, 1, 1, 1], [0, 0, 1, 1, 0, 1, 1, 1, 1, 1], [1, 1, 1, 1, 1, 1, 1, 1, 1, 1], [1], [1, 1, 1, 2, 1, 1, 1]]
([   1 x_00], [0 1], [   1 x_20    0]
[   0    0    1])
Nope! w/ p
[[0, 0, 1, 1, 1, 1, 1, 2, 2, 1, 2, 1, 1, 2, 2, 1, 1, 1, 1], [0, 0, 1, 1, 0, 1, 1, 1, 1, 1], [1, 1, 1, 1, 1, 1, 1, 1, 1, 1], [1], [1, 1, 1, 2, 1, 1, 1]]
([   1 x_00], [0 1], [0 1 0]
[0 0 1])
Nope! w/ p
[[0, 0, 1, 1, 1, 1, 1, 2, 2, 1, 2, 1, 1, 2, 2, 1, 1, 1, 1], [0, 0, 1, 1, 0, 1, 1, 1, 1, 1], [1, 1, 1, 1, 1, 1, 1, 1, 1, 1], [1], [1, 1, 1, 2, 1, 1, 1]]
([0 1], [   1 x_10], [   1    0 x_20]
[   0    1    0])
Nope! w/ p
[[0, 0, 1, 1, 1, 1, 1, 2, 2, 1, 2, 1, 1, 2, 2, 1, 1, 1, 1], [0, 0, 1, 1, 0, 1, 1, 1, 1, 1], [1, 1, 1, 1, 1, 1, 1, 1, 1, 1], [1], [1, 1, 1, 2, 1, 1, 1]]
([0 1], [   1 x_10], [   1 x_20    0]
[   0    0    1])
Nope! w/ p
[[0, 0, 1, 1, 1, 1, 1, 2, 2, 1, 2, 1, 1, 2, 2, 1, 1, 1, 1], [0, 0, 1, 1, 0, 1, 1, 1, 1, 1], [1, 1, 1, 1, 1, 1, 1, 1, 1, 1], [1], [1, 1, 1, 2, 1, 1, 1]]
([0 1], [   1 x_10], [0 1 0]
[0 0 1])
Nope! w/ p
[[0, 0, 1, 1, 1, 1, 1, 2, 2, 1, 2, 1, 1, 2, 2, 1, 1, 1, 1], [0, 0, 1, 1, 0, 1, 1, 1, 1, 1], [1, 1, 1, 1, 1, 1, 1, 1, 1, 1], [1], [1, 1, 1, 2, 1, 1, 1]]
([0 1], [0 1], [   1    0 x_20]
[   0    1    0])
Nope! w/ p
[[0, 0, 1, 1, 1, 1, 1, 2, 2, 1, 2, 1, 1, 2, 2, 1, 1, 1, 1], [0, 0, 1, 1, 0, 1, 1, 1, 1, 1], [1, 1, 1, 1, 1, 1, 1, 1, 1, 1], [1], [1, 1, 1, 2, 1, 1, 1]]
([0 1], [0 1], [   1 x_20    0]
[   0    0    1])
Nope! w/ p
[[0, 0, 1, 1, 1, 1, 1, 2, 2, 1, 2, 1, 1, 2, 2, 1, 1, 1, 1], [0, 0, 1, 1, 0, 1, 1, 1, 1, 1], [1, 1, 1, 1, 1, 1, 1, 1, 1, 1], [1], [1, 1, 1, 2, 1, 1, 1]]
([0 1], [0 1], [0 1 0]
[0 0 1])
Nope! w/ p
[[0, 0, 1, 1, 1, 2, 1, 0, 3, 1, 2, 1, 1, 2, 2, 1, 1, 1, 1], [0, 0, 0, 1, 1, 1, 1, 1, 1, 1], [1, 1, 1, 1, 1, 1, 1, 1, 1, 1], [1], [1, 1, 1, 2, 1, 1, 1]]
([   1 x_00],)
Nope! w/ p
[[0, 0, 1, 1, 1, 2, 1, 0, 3, 1, 2, 1, 1, 2, 2, 1, 1, 1, 1], [0, 0, 0, 1, 1, 1, 1, 1, 1, 1], [1, 1, 1, 1, 1, 1, 1, 1, 1, 1], [1], [1, 1, 1, 2, 1, 1, 1]]
([0 1],)
Nope! w/ p
[[0, 0, 1, 1, 1, 2, 1, 0, 3, 1, 2, 1, 1, 2, 2, 1, 1, 1, 1], [0, 0, 1, 1, 0, 1, 1, 1, 1, 1], [1, 1, 1, 1, 1, 1, 1, 1, 1, 1], [1], [1, 1, 1, 2, 1, 1, 1]]
([   1 x_00],)
Nope! w/ p
[[0, 0, 1, 1, 1, 2, 1, 0, 3, 1, 2, 1, 1, 2, 2, 1, 1, 1, 1], [0, 0, 1, 1, 0, 1, 1, 1, 1, 1], [1, 1, 1, 1, 1, 1, 1, 1, 1, 1], [1], [1, 1, 1, 2, 1, 1, 1]]
([0 1],)
Nope! w/ p
[[0, 0, 1, 1, 1, 2, 1, 1, 2, 1, 2, 1, 1, 2, 2, 1, 1, 1, 1], [0, 0, 0, 1, 1, 1, 1, 1, 1, 1], [1, 1, 1, 1, 1, 1, 1, 1, 1, 1], [1], [1, 1, 1, 2, 1, 1, 1]]
([   1 x_00], [   1 x_10], [   1    0 x_20]
[   0    1    0])
Nope! w/ p
[[0, 0, 1, 1, 1, 2, 1, 1, 2, 1, 2, 1, 1, 2, 2, 1, 1, 1, 1], [0, 0, 0, 1, 1, 1, 1, 1, 1, 1], [1, 1, 1, 1, 1, 1, 1, 1, 1, 1], [1], [1, 1, 1, 2, 1, 1, 1]]
([   1 x_00], [   1 x_10], [   1 x_20    0]
[   0    0    1])
Nope! w/ p
[[0, 0, 1, 1, 1, 2, 1, 1, 2, 1, 2, 1, 1, 2, 2, 1, 1, 1, 1], [0, 0, 0, 1, 1, 1, 1, 1, 1, 1], [1, 1, 1, 1, 1, 1, 1, 1, 1, 1], [1], [1, 1, 1, 2, 1, 1, 1]]
([   1 x_00], [   1 x_10], [0 1 0]
[0 0 1])
Nope! w/ p
[[0, 0, 1, 1, 1, 2, 1, 1, 2, 1, 2, 1, 1, 2, 2, 1, 1, 1, 1], [0, 0, 0, 1, 1, 1, 1, 1, 1, 1], [1, 1, 1, 1, 1, 1, 1, 1, 1, 1], [1], [1, 1, 1, 2, 1, 1, 1]]
([   1 x_00], [0 1], [   1    0 x_20]
[   0    1    0])
Nope! w/ p
[[0, 0, 1, 1, 1, 2, 1, 1, 2, 1, 2, 1, 1, 2, 2, 1, 1, 1, 1], [0, 0, 0, 1, 1, 1, 1, 1, 1, 1], [1, 1, 1, 1, 1, 1, 1, 1, 1, 1], [1], [1, 1, 1, 2, 1, 1, 1]]
([   1 x_00], [0 1], [   1 x_20    0]
[   0    0    1])
Nope! w/ p
[[0, 0, 1, 1, 1, 2, 1, 1, 2, 1, 2, 1, 1, 2, 2, 1, 1, 1, 1], [0, 0, 0, 1, 1, 1, 1, 1, 1, 1], [1, 1, 1, 1, 1, 1, 1, 1, 1, 1], [1], [1, 1, 1, 2, 1, 1, 1]]
([   1 x_00], [0 1], [0 1 0]
[0 0 1])
Nope! w/ p
[[0, 0, 1, 1, 1, 2, 1, 1, 2, 1, 2, 1, 1, 2, 2, 1, 1, 1, 1], [0, 0, 0, 1, 1, 1, 1, 1, 1, 1], [1, 1, 1, 1, 1, 1, 1, 1, 1, 1], [1], [1, 1, 1, 2, 1, 1, 1]]
([0 1], [   1 x_10], [   1    0 x_20]
[   0    1    0])
Nope! w/ p
[[0, 0, 1, 1, 1, 2, 1, 1, 2, 1, 2, 1, 1, 2, 2, 1, 1, 1, 1], [0, 0, 0, 1, 1, 1, 1, 1, 1, 1], [1, 1, 1, 1, 1, 1, 1, 1, 1, 1], [1], [1, 1, 1, 2, 1, 1, 1]]
([0 1], [   1 x_10], [   1 x_20    0]
[   0    0    1])
Nope! w/ p
[[0, 0, 1, 1, 1, 2, 1, 1, 2, 1, 2, 1, 1, 2, 2, 1, 1, 1, 1], [0, 0, 0, 1, 1, 1, 1, 1, 1, 1], [1, 1, 1, 1, 1, 1, 1, 1, 1, 1], [1], [1, 1, 1, 2, 1, 1, 1]]
([0 1], [   1 x_10], [0 1 0]
[0 0 1])
Nope! w/ p
[[0, 0, 1, 1, 1, 2, 1, 1, 2, 1, 2, 1, 1, 2, 2, 1, 1, 1, 1], [0, 0, 0, 1, 1, 1, 1, 1, 1, 1], [1, 1, 1, 1, 1, 1, 1, 1, 1, 1], [1], [1, 1, 1, 2, 1, 1, 1]]
([0 1], [0 1], [   1    0 x_20]
[   0    1    0])
Nope! w/ p
[[0, 0, 1, 1, 1, 2, 1, 1, 2, 1, 2, 1, 1, 2, 2, 1, 1, 1, 1], [0, 0, 0, 1, 1, 1, 1, 1, 1, 1], [1, 1, 1, 1, 1, 1, 1, 1, 1, 1], [1], [1, 1, 1, 2, 1, 1, 1]]
([0 1], [0 1], [   1 x_20    0]
[   0    0    1])
Nope! w/ p
[[0, 0, 1, 1, 1, 2, 1, 1, 2, 1, 2, 1, 1, 2, 2, 1, 1, 1, 1], [0, 0, 0, 1, 1, 1, 1, 1, 1, 1], [1, 1, 1, 1, 1, 1, 1, 1, 1, 1], [1], [1, 1, 1, 2, 1, 1, 1]]
([0 1], [0 1], [0 1 0]
[0 0 1])
Nope! w/ p
[[0, 0, 1, 1, 1, 2, 1, 1, 2, 1, 2, 1, 1, 2, 2, 1, 1, 1, 1], [0, 0, 1, 1, 0, 1, 1, 1, 1, 1], [1, 1, 1, 1, 1, 1, 1, 1, 1, 1], [1], [1, 1, 1, 2, 1, 1, 1]]
([   1 x_00], [   1 x_10], [   1    0 x_20]
[   0    1    0])
Nope! w/ p
[[0, 0, 1, 1, 1, 2, 1, 1, 2, 1, 2, 1, 1, 2, 2, 1, 1, 1, 1], [0, 0, 1, 1, 0, 1, 1, 1, 1, 1], [1, 1, 1, 1, 1, 1, 1, 1, 1, 1], [1], [1, 1, 1, 2, 1, 1, 1]]
([   1 x_00], [   1 x_10], [   1 x_20    0]
[   0    0    1])
Nope! w/ p
[[0, 0, 1, 1, 1, 2, 1, 1, 2, 1, 2, 1, 1, 2, 2, 1, 1, 1, 1], [0, 0, 1, 1, 0, 1, 1, 1, 1, 1], [1, 1, 1, 1, 1, 1, 1, 1, 1, 1], [1], [1, 1, 1, 2, 1, 1, 1]]
([   1 x_00], [   1 x_10], [0 1 0]
[0 0 1])
Nope! w/ p
[[0, 0, 1, 1, 1, 2, 1, 1, 2, 1, 2, 1, 1, 2, 2, 1, 1, 1, 1], [0, 0, 1, 1, 0, 1, 1, 1, 1, 1], [1, 1, 1, 1, 1, 1, 1, 1, 1, 1], [1], [1, 1, 1, 2, 1, 1, 1]]
([   1 x_00], [0 1], [   1    0 x_20]
[   0    1    0])
Nope! w/ p
[[0, 0, 1, 1, 1, 2, 1, 1, 2, 1, 2, 1, 1, 2, 2, 1, 1, 1, 1], [0, 0, 1, 1, 0, 1, 1, 1, 1, 1], [1, 1, 1, 1, 1, 1, 1, 1, 1, 1], [1], [1, 1, 1, 2, 1, 1, 1]]
([   1 x_00], [0 1], [   1 x_20    0]
[   0    0    1])
Nope! w/ p
[[0, 0, 1, 1, 1, 2, 1, 1, 2, 1, 2, 1, 1, 2, 2, 1, 1, 1, 1], [0, 0, 1, 1, 0, 1, 1, 1, 1, 1], [1, 1, 1, 1, 1, 1, 1, 1, 1, 1], [1], [1, 1, 1, 2, 1, 1, 1]]
([   1 x_00], [0 1], [0 1 0]
[0 0 1])
Nope! w/ p
[[0, 0, 1, 1, 1, 2, 1, 1, 2, 1, 2, 1, 1, 2, 2, 1, 1, 1, 1], [0, 0, 1, 1, 0, 1, 1, 1, 1, 1], [1, 1, 1, 1, 1, 1, 1, 1, 1, 1], [1], [1, 1, 1, 2, 1, 1, 1]]
([0 1], [   1 x_10], [   1    0 x_20]
[   0    1    0])
Nope! w/ p
[[0, 0, 1, 1, 1, 2, 1, 1, 2, 1, 2, 1, 1, 2, 2, 1, 1, 1, 1], [0, 0, 1, 1, 0, 1, 1, 1, 1, 1], [1, 1, 1, 1, 1, 1, 1, 1, 1, 1], [1], [1, 1, 1, 2, 1, 1, 1]]
([0 1], [   1 x_10], [   1 x_20    0]
[   0    0    1])
Nope! w/ p
[[0, 0, 1, 1, 1, 2, 1, 1, 2, 1, 2, 1, 1, 2, 2, 1, 1, 1, 1], [0, 0, 1, 1, 0, 1, 1, 1, 1, 1], [1, 1, 1, 1, 1, 1, 1, 1, 1, 1], [1], [1, 1, 1, 2, 1, 1, 1]]
([0 1], [   1 x_10], [0 1 0]
[0 0 1])
Nope! w/ p
[[0, 0, 1, 1, 1, 2, 1, 1, 2, 1, 2, 1, 1, 2, 2, 1, 1, 1, 1], [0, 0, 1, 1, 0, 1, 1, 1, 1, 1], [1, 1, 1, 1, 1, 1, 1, 1, 1, 1], [1], [1, 1, 1, 2, 1, 1, 1]]
([0 1], [0 1], [   1    0 x_20]
[   0    1    0])
Nope! w/ p
[[0, 0, 1, 1, 1, 2, 1, 1, 2, 1, 2, 1, 1, 2, 2, 1, 1, 1, 1], [0, 0, 1, 1, 0, 1, 1, 1, 1, 1], [1, 1, 1, 1, 1, 1, 1, 1, 1, 1], [1], [1, 1, 1, 2, 1, 1, 1]]
([0 1], [0 1], [   1 x_20    0]
[   0    0    1])
Nope! w/ p
[[0, 0, 1, 1, 1, 2, 1, 1, 2, 1, 2, 1, 1, 2, 2, 1, 1, 1, 1], [0, 0, 1, 1, 0, 1, 1, 1, 1, 1], [1, 1, 1, 1, 1, 1, 1, 1, 1, 1], [1], [1, 1, 1, 2, 1, 1, 1]]
([0 1], [0 1], [0 1 0]
[0 0 1])
Nope! w/ p
[[0, 0, 1, 1, 1, 2, 1, 1, 3, 0, 2, 1, 1, 2, 2, 1, 1, 1, 1], [0, 0, 0, 1, 1, 1, 1, 1, 1, 1], [1, 1, 1, 1, 1, 1, 1, 1, 1, 1], [1], [1, 1, 1, 2, 1, 1, 1]]
([   1 x_00], [   1 x_10])
Nope! w/ p
[[0, 0, 1, 1, 1, 2, 1, 1, 3, 0, 2, 1, 1, 2, 2, 1, 1, 1, 1], [0, 0, 0, 1, 1, 1, 1, 1, 1, 1], [1, 1, 1, 1, 1, 1, 1, 1, 1, 1], [1], [1, 1, 1, 2, 1, 1, 1]]
([   1 x_00], [0 1])
Nope! w/ p
[[0, 0, 1, 1, 1, 2, 1, 1, 3, 0, 2, 1, 1, 2, 2, 1, 1, 1, 1], [0, 0, 0, 1, 1, 1, 1, 1, 1, 1], [1, 1, 1, 1, 1, 1, 1, 1, 1, 1], [1], [1, 1, 1, 2, 1, 1, 1]]
([0 1], [   1 x_10])
Nope! w/ p
[[0, 0, 1, 1, 1, 2, 1, 1, 3, 0, 2, 1, 1, 2, 2, 1, 1, 1, 1], [0, 0, 0, 1, 1, 1, 1, 1, 1, 1], [1, 1, 1, 1, 1, 1, 1, 1, 1, 1], [1], [1, 1, 1, 2, 1, 1, 1]]
([0 1], [0 1])
Nope! w/ p
[[0, 0, 1, 1, 1, 2, 1, 1, 3, 0, 2, 1, 1, 2, 2, 1, 1, 1, 1], [0, 0, 1, 1, 0, 1, 1, 1, 1, 1], [1, 1, 1, 1, 1, 1, 1, 1, 1, 1], [1], [1, 1, 1, 2, 1, 1, 1]]
([   1 x_00], [   1 x_10])
Nope! w/ p
[[0, 0, 1, 1, 1, 2, 1, 1, 3, 0, 2, 1, 1, 2, 2, 1, 1, 1, 1], [0, 0, 1, 1, 0, 1, 1, 1, 1, 1], [1, 1, 1, 1, 1, 1, 1, 1, 1, 1], [1], [1, 1, 1, 2, 1, 1, 1]]
([   1 x_00], [0 1])
Nope! w/ p
[[0, 0, 1, 1, 1, 2, 1, 1, 3, 0, 2, 1, 1, 2, 2, 1, 1, 1, 1], [0, 0, 1, 1, 0, 1, 1, 1, 1, 1], [1, 1, 1, 1, 1, 1, 1, 1, 1, 1], [1], [1, 1, 1, 2, 1, 1, 1]]
([0 1], [   1 x_10])
Nope! w/ p
[[0, 0, 1, 1, 1, 2, 1, 1, 3, 0, 2, 1, 1, 2, 2, 1, 1, 1, 1], [0, 0, 1, 1, 0, 1, 1, 1, 1, 1], [1, 1, 1, 1, 1, 1, 1, 1, 1, 1], [1], [1, 1, 1, 2, 1, 1, 1]]
([0 1], [0 1])
Nope!
[[0, 0, 0, 1, 0, 2, 1, 2, 3, 1, 2, 1, 1, 2, 2, 1, 1, 1, 1], [0, 0, 0, 1, 1, 1, 1, 1, 1, 1], [1, 1, 1, 1, 1, 1, 1, 1, 1, 1], [1], [1, 1, 1, 2, 1, 1, 1]]
<<<<<<< HEAD
Nope!
=======
CANDIDATE
>>>>>>> 08a678e118165f74ec44e14879095361d1c1295f
[[0, 0, 0, 1, 0, 2, 1, 2, 3, 1, 2, 1, 1, 2, 2, 1, 1, 1, 1], [0, 0, 1, 1, 0, 1, 1, 1, 1, 1], [1, 1, 1, 1, 1, 1, 1, 1, 1, 1], [1], [1, 1, 1, 2, 1, 1, 1]]
Nope! w/ p
[[0, 0, 0, 1, 1, 2, 0, 2, 3, 1, 2, 1, 1, 2, 2, 1, 1, 1, 1], [0, 0, 0, 1, 1, 1, 1, 1, 1, 1], [1, 1, 1, 1, 1, 1, 1, 1, 1, 1], [1], [1, 1, 1, 2, 1, 1, 1]]
([   1 x_00],)
Nope! w/ p
[[0, 0, 0, 1, 1, 2, 0, 2, 3, 1, 2, 1, 1, 2, 2, 1, 1, 1, 1], [0, 0, 0, 1, 1, 1, 1, 1, 1, 1], [1, 1, 1, 1, 1, 1, 1, 1, 1, 1], [1], [1, 1, 1, 2, 1, 1, 1]]
([0 1],)
Nope! w/ p
[[0, 0, 0, 1, 1, 2, 0, 2, 3, 1, 2, 1, 1, 2, 2, 1, 1, 1, 1], [0, 0, 1, 1, 0, 1, 1, 1, 1, 1], [1, 1, 1, 1, 1, 1, 1, 1, 1, 1], [1], [1, 1, 1, 2, 1, 1, 1]]
([   1 x_00],)
Nope! w/ p
[[0, 0, 0, 1, 1, 2, 0, 2, 3, 1, 2, 1, 1, 2, 2, 1, 1, 1, 1], [0, 0, 1, 1, 0, 1, 1, 1, 1, 1], [1, 1, 1, 1, 1, 1, 1, 1, 1, 1], [1], [1, 1, 1, 2, 1, 1, 1]]
([0 1],)
Nope! w/ p
[[0, 0, 0, 1, 1, 1, 1, 2, 3, 1, 2, 1, 1, 2, 2, 1, 1, 1, 1], [0, 0, 0, 1, 1, 1, 1, 1, 1, 1], [1, 1, 1, 1, 1, 1, 1, 1, 1, 1], [1], [1, 1, 1, 2, 1, 1, 1]]
([   1 x_00], [   1 x_10])
Nope! w/ p
[[0, 0, 0, 1, 1, 1, 1, 2, 3, 1, 2, 1, 1, 2, 2, 1, 1, 1, 1], [0, 0, 0, 1, 1, 1, 1, 1, 1, 1], [1, 1, 1, 1, 1, 1, 1, 1, 1, 1], [1], [1, 1, 1, 2, 1, 1, 1]]
([   1 x_00], [0 1])
Nope! w/ p
[[0, 0, 0, 1, 1, 1, 1, 2, 3, 1, 2, 1, 1, 2, 2, 1, 1, 1, 1], [0, 0, 0, 1, 1, 1, 1, 1, 1, 1], [1, 1, 1, 1, 1, 1, 1, 1, 1, 1], [1], [1, 1, 1, 2, 1, 1, 1]]
([0 1], [   1 x_10])
Nope! w/ p
[[0, 0, 0, 1, 1, 1, 1, 2, 3, 1, 2, 1, 1, 2, 2, 1, 1, 1, 1], [0, 0, 0, 1, 1, 1, 1, 1, 1, 1], [1, 1, 1, 1, 1, 1, 1, 1, 1, 1], [1], [1, 1, 1, 2, 1, 1, 1]]
([0 1], [0 1])
Nope! w/ p
[[0, 0, 0, 1, 1, 1, 1, 2, 3, 1, 2, 1, 1, 2, 2, 1, 1, 1, 1], [0, 0, 1, 1, 0, 1, 1, 1, 1, 1], [1, 1, 1, 1, 1, 1, 1, 1, 1, 1], [1], [1, 1, 1, 2, 1, 1, 1]]
([   1 x_00], [   1 x_10])
Nope! w/ p
[[0, 0, 0, 1, 1, 1, 1, 2, 3, 1, 2, 1, 1, 2, 2, 1, 1, 1, 1], [0, 0, 1, 1, 0, 1, 1, 1, 1, 1], [1, 1, 1, 1, 1, 1, 1, 1, 1, 1], [1], [1, 1, 1, 2, 1, 1, 1]]
([   1 x_00], [0 1])
Nope! w/ p
[[0, 0, 0, 1, 1, 1, 1, 2, 3, 1, 2, 1, 1, 2, 2, 1, 1, 1, 1], [0, 0, 1, 1, 0, 1, 1, 1, 1, 1], [1, 1, 1, 1, 1, 1, 1, 1, 1, 1], [1], [1, 1, 1, 2, 1, 1, 1]]
([0 1], [   1 x_10])
Nope! w/ p
[[0, 0, 0, 1, 1, 1, 1, 2, 3, 1, 2, 1, 1, 2, 2, 1, 1, 1, 1], [0, 0, 1, 1, 0, 1, 1, 1, 1, 1], [1, 1, 1, 1, 1, 1, 1, 1, 1, 1], [1], [1, 1, 1, 2, 1, 1, 1]]
([0 1], [0 1])
Nope! w/ p
[[0, 0, 0, 1, 1, 2, 1, 1, 3, 1, 2, 1, 1, 2, 2, 1, 1, 1, 1], [0, 0, 0, 1, 1, 1, 1, 1, 1, 1], [1, 1, 1, 1, 1, 1, 1, 1, 1, 1], [1], [1, 1, 1, 2, 1, 1, 1]]
([   1 x_00], [   1 x_10])
Nope! w/ p
[[0, 0, 0, 1, 1, 2, 1, 1, 3, 1, 2, 1, 1, 2, 2, 1, 1, 1, 1], [0, 0, 0, 1, 1, 1, 1, 1, 1, 1], [1, 1, 1, 1, 1, 1, 1, 1, 1, 1], [1], [1, 1, 1, 2, 1, 1, 1]]
([   1 x_00], [0 1])
Nope! w/ p
[[0, 0, 0, 1, 1, 2, 1, 1, 3, 1, 2, 1, 1, 2, 2, 1, 1, 1, 1], [0, 0, 0, 1, 1, 1, 1, 1, 1, 1], [1, 1, 1, 1, 1, 1, 1, 1, 1, 1], [1], [1, 1, 1, 2, 1, 1, 1]]
([0 1], [   1 x_10])
Nope! w/ p
[[0, 0, 0, 1, 1, 2, 1, 1, 3, 1, 2, 1, 1, 2, 2, 1, 1, 1, 1], [0, 0, 0, 1, 1, 1, 1, 1, 1, 1], [1, 1, 1, 1, 1, 1, 1, 1, 1, 1], [1], [1, 1, 1, 2, 1, 1, 1]]
([0 1], [0 1])
Nope! w/ p
[[0, 0, 0, 1, 1, 2, 1, 1, 3, 1, 2, 1, 1, 2, 2, 1, 1, 1, 1], [0, 0, 1, 1, 0, 1, 1, 1, 1, 1], [1, 1, 1, 1, 1, 1, 1, 1, 1, 1], [1], [1, 1, 1, 2, 1, 1, 1]]
([   1 x_00], [   1 x_10])
Nope! w/ p
[[0, 0, 0, 1, 1, 2, 1, 1, 3, 1, 2, 1, 1, 2, 2, 1, 1, 1, 1], [0, 0, 1, 1, 0, 1, 1, 1, 1, 1], [1, 1, 1, 1, 1, 1, 1, 1, 1, 1], [1], [1, 1, 1, 2, 1, 1, 1]]
([   1 x_00], [0 1])
Nope! w/ p
[[0, 0, 0, 1, 1, 2, 1, 1, 3, 1, 2, 1, 1, 2, 2, 1, 1, 1, 1], [0, 0, 1, 1, 0, 1, 1, 1, 1, 1], [1, 1, 1, 1, 1, 1, 1, 1, 1, 1], [1], [1, 1, 1, 2, 1, 1, 1]]
([0 1], [   1 x_10])
Nope! w/ p
[[0, 0, 0, 1, 1, 2, 1, 1, 3, 1, 2, 1, 1, 2, 2, 1, 1, 1, 1], [0, 0, 1, 1, 0, 1, 1, 1, 1, 1], [1, 1, 1, 1, 1, 1, 1, 1, 1, 1], [1], [1, 1, 1, 2, 1, 1, 1]]
([0 1], [0 1])
Nope! w/ p
[[0, 0, 0, 1, 2, 1, 1, 1, 3, 1, 2, 1, 1, 2, 2, 1, 1, 1, 1], [0, 0, 0, 1, 1, 1, 1, 1, 1, 1], [1, 1, 1, 1, 1, 1, 1, 1, 1, 1], [1], [1, 1, 1, 2, 1, 1, 1]]
([   1 x_00], [   1 x_10])
Nope! w/ p
[[0, 0, 0, 1, 2, 1, 1, 1, 3, 1, 2, 1, 1, 2, 2, 1, 1, 1, 1], [0, 0, 0, 1, 1, 1, 1, 1, 1, 1], [1, 1, 1, 1, 1, 1, 1, 1, 1, 1], [1], [1, 1, 1, 2, 1, 1, 1]]
([   1 x_00], [0 1])
Nope! w/ p
[[0, 0, 0, 1, 2, 1, 1, 1, 3, 1, 2, 1, 1, 2, 2, 1, 1, 1, 1], [0, 0, 0, 1, 1, 1, 1, 1, 1, 1], [1, 1, 1, 1, 1, 1, 1, 1, 1, 1], [1], [1, 1, 1, 2, 1, 1, 1]]
([0 1], [   1 x_10])
Nope! w/ p
[[0, 0, 0, 1, 2, 1, 1, 1, 3, 1, 2, 1, 1, 2, 2, 1, 1, 1, 1], [0, 0, 0, 1, 1, 1, 1, 1, 1, 1], [1, 1, 1, 1, 1, 1, 1, 1, 1, 1], [1], [1, 1, 1, 2, 1, 1, 1]]
([0 1], [0 1])
Nope! w/ p
[[0, 0, 0, 1, 2, 1, 1, 1, 3, 1, 2, 1, 1, 2, 2, 1, 1, 1, 1], [0, 0, 1, 1, 0, 1, 1, 1, 1, 1], [1, 1, 1, 1, 1, 1, 1, 1, 1, 1], [1], [1, 1, 1, 2, 1, 1, 1]]
([   1 x_00], [   1 x_10])
Nope! w/ p
[[0, 0, 0, 1, 2, 1, 1, 1, 3, 1, 2, 1, 1, 2, 2, 1, 1, 1, 1], [0, 0, 1, 1, 0, 1, 1, 1, 1, 1], [1, 1, 1, 1, 1, 1, 1, 1, 1, 1], [1], [1, 1, 1, 2, 1, 1, 1]]
([   1 x_00], [0 1])
Nope! w/ p
[[0, 0, 0, 1, 2, 1, 1, 1, 3, 1, 2, 1, 1, 2, 2, 1, 1, 1, 1], [0, 0, 1, 1, 0, 1, 1, 1, 1, 1], [1, 1, 1, 1, 1, 1, 1, 1, 1, 1], [1], [1, 1, 1, 2, 1, 1, 1]]
([0 1], [   1 x_10])
Nope! w/ p
[[0, 0, 0, 1, 2, 1, 1, 1, 3, 1, 2, 1, 1, 2, 2, 1, 1, 1, 1], [0, 0, 1, 1, 0, 1, 1, 1, 1, 1], [1, 1, 1, 1, 1, 1, 1, 1, 1, 1], [1], [1, 1, 1, 2, 1, 1, 1]]
([0 1], [0 1])
Nope!
[[0, 0, 0, 1, 2, 0, 1, 2, 3, 1, 2, 1, 1, 2, 2, 1, 1, 1, 1], [0, 0, 0, 1, 1, 1, 1, 1, 1, 1], [1, 1, 1, 1, 1, 1, 1, 1, 1, 1], [1], [1, 1, 1, 2, 1, 1, 1]]
Nope!
[[0, 0, 0, 1, 2, 0, 1, 2, 3, 1, 2, 1, 1, 2, 2, 1, 1, 1, 1], [0, 0, 1, 1, 0, 1, 1, 1, 1, 1], [1, 1, 1, 1, 1, 1, 1, 1, 1, 1], [1], [1, 1, 1, 2, 1, 1, 1]]
Nope! w/ p
[[0, 0, 0, 1, 2, 1, 1, 2, 3, 1, 2, 1, 0, 2, 2, 1, 1, 1, 1], [0, 0, 0, 1, 1, 1, 1, 1, 1, 1], [1, 1, 1, 1, 1, 1, 1, 1, 1, 1], [1], [1, 1, 1, 2, 1, 1, 1]]
([   1 x_00],)
Nope! w/ p
[[0, 0, 0, 1, 2, 1, 1, 2, 3, 1, 2, 1, 0, 2, 2, 1, 1, 1, 1], [0, 0, 0, 1, 1, 1, 1, 1, 1, 1], [1, 1, 1, 1, 1, 1, 1, 1, 1, 1], [1], [1, 1, 1, 2, 1, 1, 1]]
([0 1],)
Nope! w/ p
[[0, 0, 0, 1, 2, 1, 1, 2, 3, 1, 2, 1, 0, 2, 2, 1, 1, 1, 1], [0, 0, 1, 1, 0, 1, 1, 1, 1, 1], [1, 1, 1, 1, 1, 1, 1, 1, 1, 1], [1], [1, 1, 1, 2, 1, 1, 1]]
([   1 x_00],)
Nope! w/ p
[[0, 0, 0, 1, 2, 1, 1, 2, 3, 1, 2, 1, 0, 2, 2, 1, 1, 1, 1], [0, 0, 1, 1, 0, 1, 1, 1, 1, 1], [1, 1, 1, 1, 1, 1, 1, 1, 1, 1], [1], [1, 1, 1, 2, 1, 1, 1]]
([0 1],)
Nope! w/ p
[[0, 0, 0, 1, 2, 1, 1, 2, 2, 1, 2, 1, 1, 2, 2, 1, 1, 1, 1], [0, 0, 0, 1, 1, 1, 1, 1, 1, 1], [1, 1, 1, 1, 1, 1, 1, 1, 1, 1], [1], [1, 1, 1, 2, 1, 1, 1]]
([   1 x_00], [   1    0 x_10]
[   0    1    0])
Nope! w/ p
[[0, 0, 0, 1, 2, 1, 1, 2, 2, 1, 2, 1, 1, 2, 2, 1, 1, 1, 1], [0, 0, 0, 1, 1, 1, 1, 1, 1, 1], [1, 1, 1, 1, 1, 1, 1, 1, 1, 1], [1], [1, 1, 1, 2, 1, 1, 1]]
([   1 x_00], [   1 x_10    0]
[   0    0    1])
Nope! w/ p
[[0, 0, 0, 1, 2, 1, 1, 2, 2, 1, 2, 1, 1, 2, 2, 1, 1, 1, 1], [0, 0, 0, 1, 1, 1, 1, 1, 1, 1], [1, 1, 1, 1, 1, 1, 1, 1, 1, 1], [1], [1, 1, 1, 2, 1, 1, 1]]
([   1 x_00], [0 1 0]
[0 0 1])
Nope! w/ p
[[0, 0, 0, 1, 2, 1, 1, 2, 2, 1, 2, 1, 1, 2, 2, 1, 1, 1, 1], [0, 0, 0, 1, 1, 1, 1, 1, 1, 1], [1, 1, 1, 1, 1, 1, 1, 1, 1, 1], [1], [1, 1, 1, 2, 1, 1, 1]]
([0 1], [   1    0 x_10]
[   0    1    0])
Nope! w/ p
[[0, 0, 0, 1, 2, 1, 1, 2, 2, 1, 2, 1, 1, 2, 2, 1, 1, 1, 1], [0, 0, 0, 1, 1, 1, 1, 1, 1, 1], [1, 1, 1, 1, 1, 1, 1, 1, 1, 1], [1], [1, 1, 1, 2, 1, 1, 1]]
([0 1], [   1 x_10    0]
[   0    0    1])
Nope! w/ p
[[0, 0, 0, 1, 2, 1, 1, 2, 2, 1, 2, 1, 1, 2, 2, 1, 1, 1, 1], [0, 0, 0, 1, 1, 1, 1, 1, 1, 1], [1, 1, 1, 1, 1, 1, 1, 1, 1, 1], [1], [1, 1, 1, 2, 1, 1, 1]]
([0 1], [0 1 0]
[0 0 1])
Nope! w/ p
[[0, 0, 0, 1, 2, 1, 1, 2, 2, 1, 2, 1, 1, 2, 2, 1, 1, 1, 1], [0, 0, 1, 1, 0, 1, 1, 1, 1, 1], [1, 1, 1, 1, 1, 1, 1, 1, 1, 1], [1], [1, 1, 1, 2, 1, 1, 1]]
([   1 x_00], [   1    0 x_10]
[   0    1    0])
Nope! w/ p
[[0, 0, 0, 1, 2, 1, 1, 2, 2, 1, 2, 1, 1, 2, 2, 1, 1, 1, 1], [0, 0, 1, 1, 0, 1, 1, 1, 1, 1], [1, 1, 1, 1, 1, 1, 1, 1, 1, 1], [1], [1, 1, 1, 2, 1, 1, 1]]
([   1 x_00], [   1 x_10    0]
[   0    0    1])
Nope! w/ p
[[0, 0, 0, 1, 2, 1, 1, 2, 2, 1, 2, 1, 1, 2, 2, 1, 1, 1, 1], [0, 0, 1, 1, 0, 1, 1, 1, 1, 1], [1, 1, 1, 1, 1, 1, 1, 1, 1, 1], [1], [1, 1, 1, 2, 1, 1, 1]]
([   1 x_00], [0 1 0]
[0 0 1])
Nope! w/ p
[[0, 0, 0, 1, 2, 1, 1, 2, 2, 1, 2, 1, 1, 2, 2, 1, 1, 1, 1], [0, 0, 1, 1, 0, 1, 1, 1, 1, 1], [1, 1, 1, 1, 1, 1, 1, 1, 1, 1], [1], [1, 1, 1, 2, 1, 1, 1]]
([0 1], [   1    0 x_10]
[   0    1    0])
Nope! w/ p
[[0, 0, 0, 1, 2, 1, 1, 2, 2, 1, 2, 1, 1, 2, 2, 1, 1, 1, 1], [0, 0, 1, 1, 0, 1, 1, 1, 1, 1], [1, 1, 1, 1, 1, 1, 1, 1, 1, 1], [1], [1, 1, 1, 2, 1, 1, 1]]
([0 1], [   1 x_10    0]
[   0    0    1])
Nope! w/ p
[[0, 0, 0, 1, 2, 1, 1, 2, 2, 1, 2, 1, 1, 2, 2, 1, 1, 1, 1], [0, 0, 1, 1, 0, 1, 1, 1, 1, 1], [1, 1, 1, 1, 1, 1, 1, 1, 1, 1], [1], [1, 1, 1, 2, 1, 1, 1]]
([0 1], [0 1 0]
[0 0 1])
