c is[0, 0, 0, 1, 7]
Nope!
[[1, 1, 1, 1, 2, 2, 1, 2, 3, 1, 2, 1, 1, 2, 2, 1, 1, 1, 1], [1, 1, 1, 1, 1, 1, 1, 1, 1, 1], [1, 1, 1, 1, 1, 1, 1, 1, 1, 1], [0], [0, 0, 0, 0, 0, 0, 1]]
Nope!
[[1, 1, 1, 1, 2, 2, 1, 2, 3, 1, 2, 1, 1, 2, 2, 1, 1, 1, 1], [1, 1, 1, 1, 1, 1, 1, 1, 1, 1], [1, 1, 1, 1, 1, 1, 1, 1, 1, 1], [0], [0, 0, 0, 0, 0, 1, 0]]
Nope!
[[1, 1, 1, 1, 2, 2, 1, 2, 3, 1, 2, 1, 1, 2, 2, 1, 1, 1, 1], [1, 1, 1, 1, 1, 1, 1, 1, 1, 1], [1, 1, 1, 1, 1, 1, 1, 1, 1, 1], [0], [0, 0, 0, 0, 1, 0, 0]]
Nope! w/ p
[[1, 1, 1, 1, 2, 2, 1, 2, 3, 1, 2, 1, 1, 2, 2, 1, 1, 1, 1], [1, 1, 1, 1, 1, 1, 1, 1, 1, 1], [1, 1, 1, 1, 1, 1, 1, 1, 1, 1], [0], [0, 0, 0, 1, 0, 0, 0]]
([   1 x_00],)
Nope! w/ p
[[1, 1, 1, 1, 2, 2, 1, 2, 3, 1, 2, 1, 1, 2, 2, 1, 1, 1, 1], [1, 1, 1, 1, 1, 1, 1, 1, 1, 1], [1, 1, 1, 1, 1, 1, 1, 1, 1, 1], [0], [0, 0, 0, 1, 0, 0, 0]]
([0 1],)
Nope!
[[1, 1, 1, 1, 2, 2, 1, 2, 3, 1, 2, 1, 1, 2, 2, 1, 1, 1, 1], [1, 1, 1, 1, 1, 1, 1, 1, 1, 1], [1, 1, 1, 1, 1, 1, 1, 1, 1, 1], [0], [0, 0, 1, 0, 0, 0, 0]]
Nope!
[[1, 1, 1, 1, 2, 2, 1, 2, 3, 1, 2, 1, 1, 2, 2, 1, 1, 1, 1], [1, 1, 1, 1, 1, 1, 1, 1, 1, 1], [1, 1, 1, 1, 1, 1, 1, 1, 1, 1], [0], [0, 1, 0, 0, 0, 0, 0]]
