c is[3, 0, 0, 1, 4]
Nope! w/ p
[[0, 1, 1, 0, 1, 2, 1, 2, 3, 1, 2, 1, 1, 2, 2, 1, 1, 1, 1], [1, 1, 1, 1, 1, 1, 1, 1, 1, 1], [1, 1, 1, 1, 1, 1, 1, 1, 1, 1], [0], [0, 0, 0, 1, 1, 1, 1]]
([   1 x_00], [   1 x_10])
Nope! w/ p
[[0, 1, 1, 0, 1, 2, 1, 2, 3, 1, 2, 1, 1, 2, 2, 1, 1, 1, 1], [1, 1, 1, 1, 1, 1, 1, 1, 1, 1], [1, 1, 1, 1, 1, 1, 1, 1, 1, 1], [0], [0, 0, 0, 1, 1, 1, 1]]
([   1 x_00], [0 1])
Nope! w/ p
[[0, 1, 1, 0, 1, 2, 1, 2, 3, 1, 2, 1, 1, 2, 2, 1, 1, 1, 1], [1, 1, 1, 1, 1, 1, 1, 1, 1, 1], [1, 1, 1, 1, 1, 1, 1, 1, 1, 1], [0], [0, 0, 0, 1, 1, 1, 1]]
([0 1], [   1 x_10])
Nope! w/ p
[[0, 1, 1, 0, 1, 2, 1, 2, 3, 1, 2, 1, 1, 2, 2, 1, 1, 1, 1], [1, 1, 1, 1, 1, 1, 1, 1, 1, 1], [1, 1, 1, 1, 1, 1, 1, 1, 1, 1], [0], [0, 0, 0, 1, 1, 1, 1]]
([0 1], [0 1])
Nope! w/ p
[[0, 1, 1, 0, 1, 2, 1, 2, 3, 1, 2, 1, 1, 2, 2, 1, 1, 1, 1], [1, 1, 1, 1, 1, 1, 1, 1, 1, 1], [1, 1, 1, 1, 1, 1, 1, 1, 1, 1], [0], [0, 0, 1, 0, 1, 1, 1]]
([   1 x_00],)
Nope! w/ p
[[0, 1, 1, 0, 1, 2, 1, 2, 3, 1, 2, 1, 1, 2, 2, 1, 1, 1, 1], [1, 1, 1, 1, 1, 1, 1, 1, 1, 1], [1, 1, 1, 1, 1, 1, 1, 1, 1, 1], [0], [0, 0, 1, 0, 1, 1, 1]]
([0 1],)
Nope! w/ p
[[0, 1, 1, 0, 1, 2, 1, 2, 3, 1, 2, 1, 1, 2, 2, 1, 1, 1, 1], [1, 1, 1, 1, 1, 1, 1, 1, 1, 1], [1, 1, 1, 1, 1, 1, 1, 1, 1, 1], [0], [0, 0, 1, 1, 0, 1, 1]]
([   1 x_00], [   1 x_10])
Nope! w/ p
[[0, 1, 1, 0, 1, 2, 1, 2, 3, 1, 2, 1, 1, 2, 2, 1, 1, 1, 1], [1, 1, 1, 1, 1, 1, 1, 1, 1, 1], [1, 1, 1, 1, 1, 1, 1, 1, 1, 1], [0], [0, 0, 1, 1, 0, 1, 1]]
([   1 x_00], [0 1])
Nope! w/ p
[[0, 1, 1, 0, 1, 2, 1, 2, 3, 1, 2, 1, 1, 2, 2, 1, 1, 1, 1], [1, 1, 1, 1, 1, 1, 1, 1, 1, 1], [1, 1, 1, 1, 1, 1, 1, 1, 1, 1], [0], [0, 0, 1, 1, 0, 1, 1]]
([0 1], [   1 x_10])
Nope! w/ p
[[0, 1, 1, 0, 1, 2, 1, 2, 3, 1, 2, 1, 1, 2, 2, 1, 1, 1, 1], [1, 1, 1, 1, 1, 1, 1, 1, 1, 1], [1, 1, 1, 1, 1, 1, 1, 1, 1, 1], [0], [0, 0, 1, 1, 0, 1, 1]]
([0 1], [0 1])
Nope! w/ p
[[0, 1, 1, 0, 1, 2, 1, 2, 3, 1, 2, 1, 1, 2, 2, 1, 1, 1, 1], [1, 1, 1, 1, 1, 1, 1, 1, 1, 1], [1, 1, 1, 1, 1, 1, 1, 1, 1, 1], [0], [0, 0, 1, 1, 1, 0, 1]]
([   1 x_00], [   1 x_10])
Nope! w/ p
[[0, 1, 1, 0, 1, 2, 1, 2, 3, 1, 2, 1, 1, 2, 2, 1, 1, 1, 1], [1, 1, 1, 1, 1, 1, 1, 1, 1, 1], [1, 1, 1, 1, 1, 1, 1, 1, 1, 1], [0], [0, 0, 1, 1, 1, 0, 1]]
([   1 x_00], [0 1])
Nope! w/ p
[[0, 1, 1, 0, 1, 2, 1, 2, 3, 1, 2, 1, 1, 2, 2, 1, 1, 1, 1], [1, 1, 1, 1, 1, 1, 1, 1, 1, 1], [1, 1, 1, 1, 1, 1, 1, 1, 1, 1], [0], [0, 0, 1, 1, 1, 0, 1]]
([0 1], [   1 x_10])
Nope! w/ p
[[0, 1, 1, 0, 1, 2, 1, 2, 3, 1, 2, 1, 1, 2, 2, 1, 1, 1, 1], [1, 1, 1, 1, 1, 1, 1, 1, 1, 1], [1, 1, 1, 1, 1, 1, 1, 1, 1, 1], [0], [0, 0, 1, 1, 1, 0, 1]]
([0 1], [0 1])
Nope! w/ p
[[0, 1, 1, 0, 1, 2, 1, 2, 3, 1, 2, 1, 1, 2, 2, 1, 1, 1, 1], [1, 1, 1, 1, 1, 1, 1, 1, 1, 1], [1, 1, 1, 1, 1, 1, 1, 1, 1, 1], [0], [0, 1, 0, 0, 1, 1, 1]]
([   1 x_00],)
Nope! w/ p
[[0, 1, 1, 0, 1, 2, 1, 2, 3, 1, 2, 1, 1, 2, 2, 1, 1, 1, 1], [1, 1, 1, 1, 1, 1, 1, 1, 1, 1], [1, 1, 1, 1, 1, 1, 1, 1, 1, 1], [0], [0, 1, 0, 0, 1, 1, 1]]
([0 1],)
Nope! w/ p
[[0, 1, 1, 0, 1, 2, 1, 2, 3, 1, 2, 1, 1, 2, 2, 1, 1, 1, 1], [1, 1, 1, 1, 1, 1, 1, 1, 1, 1], [1, 1, 1, 1, 1, 1, 1, 1, 1, 1], [0], [0, 1, 0, 1, 0, 1, 1]]
([   1 x_00], [   1 x_10])
Nope! w/ p
[[0, 1, 1, 0, 1, 2, 1, 2, 3, 1, 2, 1, 1, 2, 2, 1, 1, 1, 1], [1, 1, 1, 1, 1, 1, 1, 1, 1, 1], [1, 1, 1, 1, 1, 1, 1, 1, 1, 1], [0], [0, 1, 0, 1, 0, 1, 1]]
([   1 x_00], [0 1])
Nope! w/ p
[[0, 1, 1, 0, 1, 2, 1, 2, 3, 1, 2, 1, 1, 2, 2, 1, 1, 1, 1], [1, 1, 1, 1, 1, 1, 1, 1, 1, 1], [1, 1, 1, 1, 1, 1, 1, 1, 1, 1], [0], [0, 1, 0, 1, 0, 1, 1]]
([0 1], [   1 x_10])
Nope! w/ p
[[0, 1, 1, 0, 1, 2, 1, 2, 3, 1, 2, 1, 1, 2, 2, 1, 1, 1, 1], [1, 1, 1, 1, 1, 1, 1, 1, 1, 1], [1, 1, 1, 1, 1, 1, 1, 1, 1, 1], [0], [0, 1, 0, 1, 0, 1, 1]]
([0 1], [0 1])
Nope! w/ p
[[0, 1, 1, 0, 1, 2, 1, 2, 3, 1, 2, 1, 1, 2, 2, 1, 1, 1, 1], [1, 1, 1, 1, 1, 1, 1, 1, 1, 1], [1, 1, 1, 1, 1, 1, 1, 1, 1, 1], [0], [0, 1, 0, 1, 1, 0, 1]]
([   1 x_00], [   1 x_10])
Nope! w/ p
[[0, 1, 1, 0, 1, 2, 1, 2, 3, 1, 2, 1, 1, 2, 2, 1, 1, 1, 1], [1, 1, 1, 1, 1, 1, 1, 1, 1, 1], [1, 1, 1, 1, 1, 1, 1, 1, 1, 1], [0], [0, 1, 0, 1, 1, 0, 1]]
([   1 x_00], [0 1])
Nope! w/ p
[[0, 1, 1, 0, 1, 2, 1, 2, 3, 1, 2, 1, 1, 2, 2, 1, 1, 1, 1], [1, 1, 1, 1, 1, 1, 1, 1, 1, 1], [1, 1, 1, 1, 1, 1, 1, 1, 1, 1], [0], [0, 1, 0, 1, 1, 0, 1]]
([0 1], [   1 x_10])
Nope! w/ p
[[0, 1, 1, 0, 1, 2, 1, 2, 3, 1, 2, 1, 1, 2, 2, 1, 1, 1, 1], [1, 1, 1, 1, 1, 1, 1, 1, 1, 1], [1, 1, 1, 1, 1, 1, 1, 1, 1, 1], [0], [0, 1, 0, 1, 1, 0, 1]]
([0 1], [0 1])
Nope! w/ p
[[0, 1, 1, 0, 2, 2, 0, 2, 3, 1, 2, 1, 1, 2, 2, 1, 1, 1, 1], [1, 1, 1, 1, 1, 1, 1, 1, 1, 1], [1, 1, 1, 1, 1, 1, 1, 1, 1, 1], [0], [0, 0, 0, 1, 1, 1, 1]]
([   1 x_00],)
Nope! w/ p
[[0, 1, 1, 0, 2, 2, 0, 2, 3, 1, 2, 1, 1, 2, 2, 1, 1, 1, 1], [1, 1, 1, 1, 1, 1, 1, 1, 1, 1], [1, 1, 1, 1, 1, 1, 1, 1, 1, 1], [0], [0, 0, 0, 1, 1, 1, 1]]
([0 1],)
Nope!
[[0, 1, 1, 0, 2, 2, 0, 2, 3, 1, 2, 1, 1, 2, 2, 1, 1, 1, 1], [1, 1, 1, 1, 1, 1, 1, 1, 1, 1], [1, 1, 1, 1, 1, 1, 1, 1, 1, 1], [0], [0, 0, 1, 0, 1, 1, 1]]
Nope! w/ p
[[0, 1, 1, 0, 2, 2, 0, 2, 3, 1, 2, 1, 1, 2, 2, 1, 1, 1, 1], [1, 1, 1, 1, 1, 1, 1, 1, 1, 1], [1, 1, 1, 1, 1, 1, 1, 1, 1, 1], [0], [0, 0, 1, 1, 0, 1, 1]]
([   1 x_00],)
Nope! w/ p
[[0, 1, 1, 0, 2, 2, 0, 2, 3, 1, 2, 1, 1, 2, 2, 1, 1, 1, 1], [1, 1, 1, 1, 1, 1, 1, 1, 1, 1], [1, 1, 1, 1, 1, 1, 1, 1, 1, 1], [0], [0, 0, 1, 1, 0, 1, 1]]
([0 1],)
Nope! w/ p
[[0, 1, 1, 0, 2, 2, 0, 2, 3, 1, 2, 1, 1, 2, 2, 1, 1, 1, 1], [1, 1, 1, 1, 1, 1, 1, 1, 1, 1], [1, 1, 1, 1, 1, 1, 1, 1, 1, 1], [0], [0, 0, 1, 1, 1, 0, 1]]
([   1 x_00],)
Nope! w/ p
[[0, 1, 1, 0, 2, 2, 0, 2, 3, 1, 2, 1, 1, 2, 2, 1, 1, 1, 1], [1, 1, 1, 1, 1, 1, 1, 1, 1, 1], [1, 1, 1, 1, 1, 1, 1, 1, 1, 1], [0], [0, 0, 1, 1, 1, 0, 1]]
([0 1],)
Nope!
[[0, 1, 1, 0, 2, 2, 0, 2, 3, 1, 2, 1, 1, 2, 2, 1, 1, 1, 1], [1, 1, 1, 1, 1, 1, 1, 1, 1, 1], [1, 1, 1, 1, 1, 1, 1, 1, 1, 1], [0], [0, 1, 0, 0, 1, 1, 1]]
Nope! w/ p
[[0, 1, 1, 0, 2, 2, 0, 2, 3, 1, 2, 1, 1, 2, 2, 1, 1, 1, 1], [1, 1, 1, 1, 1, 1, 1, 1, 1, 1], [1, 1, 1, 1, 1, 1, 1, 1, 1, 1], [0], [0, 1, 0, 1, 0, 1, 1]]
([   1 x_00],)
Nope! w/ p
[[0, 1, 1, 0, 2, 2, 0, 2, 3, 1, 2, 1, 1, 2, 2, 1, 1, 1, 1], [1, 1, 1, 1, 1, 1, 1, 1, 1, 1], [1, 1, 1, 1, 1, 1, 1, 1, 1, 1], [0], [0, 1, 0, 1, 0, 1, 1]]
([0 1],)
Nope! w/ p
[[0, 1, 1, 0, 2, 2, 0, 2, 3, 1, 2, 1, 1, 2, 2, 1, 1, 1, 1], [1, 1, 1, 1, 1, 1, 1, 1, 1, 1], [1, 1, 1, 1, 1, 1, 1, 1, 1, 1], [0], [0, 1, 0, 1, 1, 0, 1]]
([   1 x_00],)
Nope! w/ p
[[0, 1, 1, 0, 2, 2, 0, 2, 3, 1, 2, 1, 1, 2, 2, 1, 1, 1, 1], [1, 1, 1, 1, 1, 1, 1, 1, 1, 1], [1, 1, 1, 1, 1, 1, 1, 1, 1, 1], [0], [0, 1, 0, 1, 1, 0, 1]]
([0 1],)
Nope! w/ p
[[0, 0, 1, 0, 2, 2, 1, 2, 3, 1, 2, 1, 1, 2, 2, 1, 1, 1, 1], [1, 1, 1, 1, 1, 1, 1, 1, 1, 1], [1, 1, 1, 1, 1, 1, 1, 1, 1, 1], [0], [0, 0, 0, 1, 1, 1, 1]]
([   1 x_00],)
Nope! w/ p
[[0, 0, 1, 0, 2, 2, 1, 2, 3, 1, 2, 1, 1, 2, 2, 1, 1, 1, 1], [1, 1, 1, 1, 1, 1, 1, 1, 1, 1], [1, 1, 1, 1, 1, 1, 1, 1, 1, 1], [0], [0, 0, 0, 1, 1, 1, 1]]
([0 1],)
Nope!
[[0, 0, 1, 0, 2, 2, 1, 2, 3, 1, 2, 1, 1, 2, 2, 1, 1, 1, 1], [1, 1, 1, 1, 1, 1, 1, 1, 1, 1], [1, 1, 1, 1, 1, 1, 1, 1, 1, 1], [0], [0, 0, 1, 0, 1, 1, 1]]
Nope! w/ p
[[0, 0, 1, 0, 2, 2, 1, 2, 3, 1, 2, 1, 1, 2, 2, 1, 1, 1, 1], [1, 1, 1, 1, 1, 1, 1, 1, 1, 1], [1, 1, 1, 1, 1, 1, 1, 1, 1, 1], [0], [0, 0, 1, 1, 0, 1, 1]]
([   1 x_00],)
Nope! w/ p
[[0, 0, 1, 0, 2, 2, 1, 2, 3, 1, 2, 1, 1, 2, 2, 1, 1, 1, 1], [1, 1, 1, 1, 1, 1, 1, 1, 1, 1], [1, 1, 1, 1, 1, 1, 1, 1, 1, 1], [0], [0, 0, 1, 1, 0, 1, 1]]
([0 1],)
Nope! w/ p
[[0, 0, 1, 0, 2, 2, 1, 2, 3, 1, 2, 1, 1, 2, 2, 1, 1, 1, 1], [1, 1, 1, 1, 1, 1, 1, 1, 1, 1], [1, 1, 1, 1, 1, 1, 1, 1, 1, 1], [0], [0, 0, 1, 1, 1, 0, 1]]
([   1 x_00],)
Nope! w/ p
[[0, 0, 1, 0, 2, 2, 1, 2, 3, 1, 2, 1, 1, 2, 2, 1, 1, 1, 1], [1, 1, 1, 1, 1, 1, 1, 1, 1, 1], [1, 1, 1, 1, 1, 1, 1, 1, 1, 1], [0], [0, 0, 1, 1, 1, 0, 1]]
([0 1],)
Nope!
[[0, 0, 1, 0, 2, 2, 1, 2, 3, 1, 2, 1, 1, 2, 2, 1, 1, 1, 1], [1, 1, 1, 1, 1, 1, 1, 1, 1, 1], [1, 1, 1, 1, 1, 1, 1, 1, 1, 1], [0], [0, 1, 0, 0, 1, 1, 1]]
Nope! w/ p
[[0, 0, 1, 0, 2, 2, 1, 2, 3, 1, 2, 1, 1, 2, 2, 1, 1, 1, 1], [1, 1, 1, 1, 1, 1, 1, 1, 1, 1], [1, 1, 1, 1, 1, 1, 1, 1, 1, 1], [0], [0, 1, 0, 1, 0, 1, 1]]
([   1 x_00],)
Nope! w/ p
[[0, 0, 1, 0, 2, 2, 1, 2, 3, 1, 2, 1, 1, 2, 2, 1, 1, 1, 1], [1, 1, 1, 1, 1, 1, 1, 1, 1, 1], [1, 1, 1, 1, 1, 1, 1, 1, 1, 1], [0], [0, 1, 0, 1, 0, 1, 1]]
([0 1],)
Nope! w/ p
[[0, 0, 1, 0, 2, 2, 1, 2, 3, 1, 2, 1, 1, 2, 2, 1, 1, 1, 1], [1, 1, 1, 1, 1, 1, 1, 1, 1, 1], [1, 1, 1, 1, 1, 1, 1, 1, 1, 1], [0], [0, 1, 0, 1, 1, 0, 1]]
([   1 x_00],)
Nope! w/ p
[[0, 0, 1, 0, 2, 2, 1, 2, 3, 1, 2, 1, 1, 2, 2, 1, 1, 1, 1], [1, 1, 1, 1, 1, 1, 1, 1, 1, 1], [1, 1, 1, 1, 1, 1, 1, 1, 1, 1], [0], [0, 1, 0, 1, 1, 0, 1]]
([0 1],)
Nope! w/ p
[[0, 0, 1, 1, 1, 2, 1, 2, 3, 1, 2, 1, 1, 2, 2, 1, 1, 1, 1], [1, 1, 1, 1, 1, 1, 1, 1, 1, 1], [1, 1, 1, 1, 1, 1, 1, 1, 1, 1], [0], [0, 0, 0, 1, 1, 1, 1]]
([   1 x_00], [   1 x_10])
Nope! w/ p
[[0, 0, 1, 1, 1, 2, 1, 2, 3, 1, 2, 1, 1, 2, 2, 1, 1, 1, 1], [1, 1, 1, 1, 1, 1, 1, 1, 1, 1], [1, 1, 1, 1, 1, 1, 1, 1, 1, 1], [0], [0, 0, 0, 1, 1, 1, 1]]
([   1 x_00], [0 1])
Nope! w/ p
[[0, 0, 1, 1, 1, 2, 1, 2, 3, 1, 2, 1, 1, 2, 2, 1, 1, 1, 1], [1, 1, 1, 1, 1, 1, 1, 1, 1, 1], [1, 1, 1, 1, 1, 1, 1, 1, 1, 1], [0], [0, 0, 0, 1, 1, 1, 1]]
([0 1], [   1 x_10])
Nope! w/ p
[[0, 0, 1, 1, 1, 2, 1, 2, 3, 1, 2, 1, 1, 2, 2, 1, 1, 1, 1], [1, 1, 1, 1, 1, 1, 1, 1, 1, 1], [1, 1, 1, 1, 1, 1, 1, 1, 1, 1], [0], [0, 0, 0, 1, 1, 1, 1]]
([0 1], [0 1])
Nope! w/ p
[[0, 0, 1, 1, 1, 2, 1, 2, 3, 1, 2, 1, 1, 2, 2, 1, 1, 1, 1], [1, 1, 1, 1, 1, 1, 1, 1, 1, 1], [1, 1, 1, 1, 1, 1, 1, 1, 1, 1], [0], [0, 0, 1, 0, 1, 1, 1]]
([   1 x_00],)
Nope! w/ p
[[0, 0, 1, 1, 1, 2, 1, 2, 3, 1, 2, 1, 1, 2, 2, 1, 1, 1, 1], [1, 1, 1, 1, 1, 1, 1, 1, 1, 1], [1, 1, 1, 1, 1, 1, 1, 1, 1, 1], [0], [0, 0, 1, 0, 1, 1, 1]]
([0 1],)
Nope! w/ p
[[0, 0, 1, 1, 1, 2, 1, 2, 3, 1, 2, 1, 1, 2, 2, 1, 1, 1, 1], [1, 1, 1, 1, 1, 1, 1, 1, 1, 1], [1, 1, 1, 1, 1, 1, 1, 1, 1, 1], [0], [0, 0, 1, 1, 0, 1, 1]]
([   1 x_00], [   1 x_10])
Nope! w/ p
[[0, 0, 1, 1, 1, 2, 1, 2, 3, 1, 2, 1, 1, 2, 2, 1, 1, 1, 1], [1, 1, 1, 1, 1, 1, 1, 1, 1, 1], [1, 1, 1, 1, 1, 1, 1, 1, 1, 1], [0], [0, 0, 1, 1, 0, 1, 1]]
([   1 x_00], [0 1])
Nope! w/ p
[[0, 0, 1, 1, 1, 2, 1, 2, 3, 1, 2, 1, 1, 2, 2, 1, 1, 1, 1], [1, 1, 1, 1, 1, 1, 1, 1, 1, 1], [1, 1, 1, 1, 1, 1, 1, 1, 1, 1], [0], [0, 0, 1, 1, 0, 1, 1]]
([0 1], [   1 x_10])
Nope! w/ p
[[0, 0, 1, 1, 1, 2, 1, 2, 3, 1, 2, 1, 1, 2, 2, 1, 1, 1, 1], [1, 1, 1, 1, 1, 1, 1, 1, 1, 1], [1, 1, 1, 1, 1, 1, 1, 1, 1, 1], [0], [0, 0, 1, 1, 0, 1, 1]]
([0 1], [0 1])
Nope! w/ p
[[0, 0, 1, 1, 1, 2, 1, 2, 3, 1, 2, 1, 1, 2, 2, 1, 1, 1, 1], [1, 1, 1, 1, 1, 1, 1, 1, 1, 1], [1, 1, 1, 1, 1, 1, 1, 1, 1, 1], [0], [0, 0, 1, 1, 1, 0, 1]]
([   1 x_00], [   1 x_10])
Nope! w/ p
[[0, 0, 1, 1, 1, 2, 1, 2, 3, 1, 2, 1, 1, 2, 2, 1, 1, 1, 1], [1, 1, 1, 1, 1, 1, 1, 1, 1, 1], [1, 1, 1, 1, 1, 1, 1, 1, 1, 1], [0], [0, 0, 1, 1, 1, 0, 1]]
([   1 x_00], [0 1])
Nope! w/ p
[[0, 0, 1, 1, 1, 2, 1, 2, 3, 1, 2, 1, 1, 2, 2, 1, 1, 1, 1], [1, 1, 1, 1, 1, 1, 1, 1, 1, 1], [1, 1, 1, 1, 1, 1, 1, 1, 1, 1], [0], [0, 0, 1, 1, 1, 0, 1]]
([0 1], [   1 x_10])
Nope! w/ p
[[0, 0, 1, 1, 1, 2, 1, 2, 3, 1, 2, 1, 1, 2, 2, 1, 1, 1, 1], [1, 1, 1, 1, 1, 1, 1, 1, 1, 1], [1, 1, 1, 1, 1, 1, 1, 1, 1, 1], [0], [0, 0, 1, 1, 1, 0, 1]]
([0 1], [0 1])
Nope! w/ p
[[0, 0, 1, 1, 1, 2, 1, 2, 3, 1, 2, 1, 1, 2, 2, 1, 1, 1, 1], [1, 1, 1, 1, 1, 1, 1, 1, 1, 1], [1, 1, 1, 1, 1, 1, 1, 1, 1, 1], [0], [0, 1, 0, 0, 1, 1, 1]]
([   1 x_00],)
Nope! w/ p
[[0, 0, 1, 1, 1, 2, 1, 2, 3, 1, 2, 1, 1, 2, 2, 1, 1, 1, 1], [1, 1, 1, 1, 1, 1, 1, 1, 1, 1], [1, 1, 1, 1, 1, 1, 1, 1, 1, 1], [0], [0, 1, 0, 0, 1, 1, 1]]
([0 1],)
Nope! w/ p
[[0, 0, 1, 1, 1, 2, 1, 2, 3, 1, 2, 1, 1, 2, 2, 1, 1, 1, 1], [1, 1, 1, 1, 1, 1, 1, 1, 1, 1], [1, 1, 1, 1, 1, 1, 1, 1, 1, 1], [0], [0, 1, 0, 1, 0, 1, 1]]
([   1 x_00], [   1 x_10])
Nope! w/ p
[[0, 0, 1, 1, 1, 2, 1, 2, 3, 1, 2, 1, 1, 2, 2, 1, 1, 1, 1], [1, 1, 1, 1, 1, 1, 1, 1, 1, 1], [1, 1, 1, 1, 1, 1, 1, 1, 1, 1], [0], [0, 1, 0, 1, 0, 1, 1]]
([   1 x_00], [0 1])
Nope! w/ p
[[0, 0, 1, 1, 1, 2, 1, 2, 3, 1, 2, 1, 1, 2, 2, 1, 1, 1, 1], [1, 1, 1, 1, 1, 1, 1, 1, 1, 1], [1, 1, 1, 1, 1, 1, 1, 1, 1, 1], [0], [0, 1, 0, 1, 0, 1, 1]]
([0 1], [   1 x_10])
Nope! w/ p
[[0, 0, 1, 1, 1, 2, 1, 2, 3, 1, 2, 1, 1, 2, 2, 1, 1, 1, 1], [1, 1, 1, 1, 1, 1, 1, 1, 1, 1], [1, 1, 1, 1, 1, 1, 1, 1, 1, 1], [0], [0, 1, 0, 1, 0, 1, 1]]
([0 1], [0 1])
Nope! w/ p
[[0, 0, 1, 1, 1, 2, 1, 2, 3, 1, 2, 1, 1, 2, 2, 1, 1, 1, 1], [1, 1, 1, 1, 1, 1, 1, 1, 1, 1], [1, 1, 1, 1, 1, 1, 1, 1, 1, 1], [0], [0, 1, 0, 1, 1, 0, 1]]
([   1 x_00], [   1 x_10])
Nope! w/ p
[[0, 0, 1, 1, 1, 2, 1, 2, 3, 1, 2, 1, 1, 2, 2, 1, 1, 1, 1], [1, 1, 1, 1, 1, 1, 1, 1, 1, 1], [1, 1, 1, 1, 1, 1, 1, 1, 1, 1], [0], [0, 1, 0, 1, 1, 0, 1]]
([   1 x_00], [0 1])
Nope! w/ p
[[0, 0, 1, 1, 1, 2, 1, 2, 3, 1, 2, 1, 1, 2, 2, 1, 1, 1, 1], [1, 1, 1, 1, 1, 1, 1, 1, 1, 1], [1, 1, 1, 1, 1, 1, 1, 1, 1, 1], [0], [0, 1, 0, 1, 1, 0, 1]]
([0 1], [   1 x_10])
Nope! w/ p
[[0, 0, 1, 1, 1, 2, 1, 2, 3, 1, 2, 1, 1, 2, 2, 1, 1, 1, 1], [1, 1, 1, 1, 1, 1, 1, 1, 1, 1], [1, 1, 1, 1, 1, 1, 1, 1, 1, 1], [0], [0, 1, 0, 1, 1, 0, 1]]
([0 1], [0 1])
Nope! w/ p
[[0, 0, 0, 1, 2, 2, 1, 2, 3, 1, 2, 1, 1, 2, 2, 1, 1, 1, 1], [1, 1, 1, 1, 1, 1, 1, 1, 1, 1], [1, 1, 1, 1, 1, 1, 1, 1, 1, 1], [0], [0, 0, 0, 1, 1, 1, 1]]
([   1 x_00],)
Nope! w/ p
[[0, 0, 0, 1, 2, 2, 1, 2, 3, 1, 2, 1, 1, 2, 2, 1, 1, 1, 1], [1, 1, 1, 1, 1, 1, 1, 1, 1, 1], [1, 1, 1, 1, 1, 1, 1, 1, 1, 1], [0], [0, 0, 0, 1, 1, 1, 1]]
([0 1],)
Nope!
[[0, 0, 0, 1, 2, 2, 1, 2, 3, 1, 2, 1, 1, 2, 2, 1, 1, 1, 1], [1, 1, 1, 1, 1, 1, 1, 1, 1, 1], [1, 1, 1, 1, 1, 1, 1, 1, 1, 1], [0], [0, 0, 1, 0, 1, 1, 1]]
Nope! w/ p
[[0, 0, 0, 1, 2, 2, 1, 2, 3, 1, 2, 1, 1, 2, 2, 1, 1, 1, 1], [1, 1, 1, 1, 1, 1, 1, 1, 1, 1], [1, 1, 1, 1, 1, 1, 1, 1, 1, 1], [0], [0, 0, 1, 1, 0, 1, 1]]
([   1 x_00],)
Nope! w/ p
[[0, 0, 0, 1, 2, 2, 1, 2, 3, 1, 2, 1, 1, 2, 2, 1, 1, 1, 1], [1, 1, 1, 1, 1, 1, 1, 1, 1, 1], [1, 1, 1, 1, 1, 1, 1, 1, 1, 1], [0], [0, 0, 1, 1, 0, 1, 1]]
([0 1],)
Nope! w/ p
[[0, 0, 0, 1, 2, 2, 1, 2, 3, 1, 2, 1, 1, 2, 2, 1, 1, 1, 1], [1, 1, 1, 1, 1, 1, 1, 1, 1, 1], [1, 1, 1, 1, 1, 1, 1, 1, 1, 1], [0], [0, 0, 1, 1, 1, 0, 1]]
([   1 x_00],)
Nope! w/ p
[[0, 0, 0, 1, 2, 2, 1, 2, 3, 1, 2, 1, 1, 2, 2, 1, 1, 1, 1], [1, 1, 1, 1, 1, 1, 1, 1, 1, 1], [1, 1, 1, 1, 1, 1, 1, 1, 1, 1], [0], [0, 0, 1, 1, 1, 0, 1]]
([0 1],)
Nope!
[[0, 0, 0, 1, 2, 2, 1, 2, 3, 1, 2, 1, 1, 2, 2, 1, 1, 1, 1], [1, 1, 1, 1, 1, 1, 1, 1, 1, 1], [1, 1, 1, 1, 1, 1, 1, 1, 1, 1], [0], [0, 1, 0, 0, 1, 1, 1]]
Nope! w/ p
[[0, 0, 0, 1, 2, 2, 1, 2, 3, 1, 2, 1, 1, 2, 2, 1, 1, 1, 1], [1, 1, 1, 1, 1, 1, 1, 1, 1, 1], [1, 1, 1, 1, 1, 1, 1, 1, 1, 1], [0], [0, 1, 0, 1, 0, 1, 1]]
([   1 x_00],)
Nope! w/ p
[[0, 0, 0, 1, 2, 2, 1, 2, 3, 1, 2, 1, 1, 2, 2, 1, 1, 1, 1], [1, 1, 1, 1, 1, 1, 1, 1, 1, 1], [1, 1, 1, 1, 1, 1, 1, 1, 1, 1], [0], [0, 1, 0, 1, 0, 1, 1]]
([0 1],)
Nope! w/ p
[[0, 0, 0, 1, 2, 2, 1, 2, 3, 1, 2, 1, 1, 2, 2, 1, 1, 1, 1], [1, 1, 1, 1, 1, 1, 1, 1, 1, 1], [1, 1, 1, 1, 1, 1, 1, 1, 1, 1], [0], [0, 1, 0, 1, 1, 0, 1]]
([   1 x_00],)
Nope! w/ p
[[0, 0, 0, 1, 2, 2, 1, 2, 3, 1, 2, 1, 1, 2, 2, 1, 1, 1, 1], [1, 1, 1, 1, 1, 1, 1, 1, 1, 1], [1, 1, 1, 1, 1, 1, 1, 1, 1, 1], [0], [0, 1, 0, 1, 1, 0, 1]]
([0 1],)
