h is([0, 0, 0, 0, 3, 1, 0, 0, 1, 1, 0, 0, 0, 0, 0, 0, 0, 0, 0], ([   0    1 x_00 x_01    0]
[   0    0    0    0    1], [0 1 0 0 0]
[0 0 1 0 0]
[0 0 0 1 0]
[0 0 0 0 1], [   1    0    0    0    0    0    0 x_20]
[   0    1    0    0    0    0    0 x_21]
[   0    0    1    0    0    0    0 x_22]
[   0    0    0    1    0    0    0 x_23]
[   0    0    0    0    1    0    0 x_24]
[   0    0    0    0    0    1    0 x_25]
[   0    0    0    0    0    0    1 x_26], [   1 x_30]))
Nope! w/ p
[1, 2, 1, 2, 2, 4, 1, 5, 7, 1, 5, 1, 2, 5, 5, 2, 1, 2, 1]
([   0    1 x_00 x_01    0]
[   0    0    0    0    1], [0 1 0 0 0]
[0 0 1 0 0]
[0 0 0 1 0]
[0 0 0 0 1], [   1    0    0    0    0    0    0 x_20]
[   0    1    0    0    0    0    0 x_21]
[   0    0    1    0    0    0    0 x_22]
[   0    0    0    1    0    0    0 x_23]
[   0    0    0    0    1    0    0 x_24]
[   0    0    0    0    0    1    0 x_25]
[   0    0    0    0    0    0    1 x_26], [   1 x_30])
