h is[1, 0, 0, 1, 1, 0, 1, 2, 0, 0, 0, 0, 0, 0, 0, 0, 0, 0, 0]
Nope! w/ p
[0, 2, 1, 1, 4, 5, 0, 3, 8, 2, 5, 1, 2, 5, 5, 2, 1, 2, 1]
([   1 x_00], [   1    0    0    0 x_10]
[   0    1    0    0 x_11]
[   0    0    1    0 x_12]
[   0    0    0    1 x_13], [   1    0    0 x_20 x_21]
[   0    1    0 x_22 x_23]
[   0    0    1 x_24 x_25])
Nope! w/ p
[0, 2, 1, 1, 4, 5, 0, 3, 8, 2, 5, 1, 2, 5, 5, 2, 1, 2, 1]
([   1 x_00], [   1    0    0    0 x_10]
[   0    1    0    0 x_11]
[   0    0    1    0 x_12]
[   0    0    0    1 x_13], [   1    0 x_20    0 x_21]
[   0    1 x_22    0 x_23]
[   0    0    0    1 x_24])
Nope! w/ p
[0, 2, 1, 1, 4, 5, 0, 3, 8, 2, 5, 1, 2, 5, 5, 2, 1, 2, 1]
([   1 x_00], [   1    0    0    0 x_10]
[   0    1    0    0 x_11]
[   0    0    1    0 x_12]
[   0    0    0    1 x_13], [   1    0 x_20 x_21    0]
[   0    1 x_22 x_23    0]
[   0    0    0    0    1])
Nope! w/ p
[0, 2, 1, 1, 4, 5, 0, 3, 8, 2, 5, 1, 2, 5, 5, 2, 1, 2, 1]
([   1 x_00], [   1    0    0    0 x_10]
[   0    1    0    0 x_11]
[   0    0    1    0 x_12]
[   0    0    0    1 x_13], [   1 x_20    0    0 x_21]
[   0    0    1    0 x_22]
[   0    0    0    1 x_23])
Nope! w/ p
[0, 2, 1, 1, 4, 5, 0, 3, 8, 2, 5, 1, 2, 5, 5, 2, 1, 2, 1]
([   1 x_00], [   1    0    0    0 x_10]
[   0    1    0    0 x_11]
[   0    0    1    0 x_12]
[   0    0    0    1 x_13], [   1 x_20    0 x_21    0]
[   0    0    1 x_22    0]
[   0    0    0    0    1])
Nope! w/ p
[0, 2, 1, 1, 4, 5, 0, 3, 8, 2, 5, 1, 2, 5, 5, 2, 1, 2, 1]
([   1 x_00], [   1    0    0    0 x_10]
[   0    1    0    0 x_11]
[   0    0    1    0 x_12]
[   0    0    0    1 x_13], [   1 x_20 x_21    0    0]
[   0    0    0    1    0]
[   0    0    0    0    1])
Nope! w/ p
[0, 2, 1, 1, 4, 5, 0, 3, 8, 2, 5, 1, 2, 5, 5, 2, 1, 2, 1]
([   1 x_00], [   1    0    0    0 x_10]
[   0    1    0    0 x_11]
[   0    0    1    0 x_12]
[   0    0    0    1 x_13], [   0    1    0    0 x_20]
[   0    0    1    0 x_21]
[   0    0    0    1 x_22])
Nope! w/ p
[0, 2, 1, 1, 4, 5, 0, 3, 8, 2, 5, 1, 2, 5, 5, 2, 1, 2, 1]
([   1 x_00], [   1    0    0    0 x_10]
[   0    1    0    0 x_11]
[   0    0    1    0 x_12]
[   0    0    0    1 x_13], [   0    1    0 x_20    0]
[   0    0    1 x_21    0]
[   0    0    0    0    1])
Nope! w/ p
[0, 2, 1, 1, 4, 5, 0, 3, 8, 2, 5, 1, 2, 5, 5, 2, 1, 2, 1]
([   1 x_00], [   1    0    0    0 x_10]
[   0    1    0    0 x_11]
[   0    0    1    0 x_12]
[   0    0    0    1 x_13], [   0    1 x_20    0    0]
[   0    0    0    1    0]
[   0    0    0    0    1])
Nope! w/ p
[0, 2, 1, 1, 4, 5, 0, 3, 8, 2, 5, 1, 2, 5, 5, 2, 1, 2, 1]
([   1 x_00], [   1    0    0    0 x_10]
[   0    1    0    0 x_11]
[   0    0    1    0 x_12]
[   0    0    0    1 x_13], [0 0 1 0 0]
[0 0 0 1 0]
[0 0 0 0 1])
Nope! w/ p
[0, 2, 1, 1, 4, 5, 0, 3, 8, 2, 5, 1, 2, 5, 5, 2, 1, 2, 1]
([   1 x_00], [   1    0    0 x_10    0]
[   0    1    0 x_11    0]
[   0    0    1 x_12    0]
[   0    0    0    0    1], [   1    0    0 x_20 x_21]
[   0    1    0 x_22 x_23]
[   0    0    1 x_24 x_25])
Nope! w/ p
[0, 2, 1, 1, 4, 5, 0, 3, 8, 2, 5, 1, 2, 5, 5, 2, 1, 2, 1]
([   1 x_00], [   1    0    0 x_10    0]
[   0    1    0 x_11    0]
[   0    0    1 x_12    0]
[   0    0    0    0    1], [   1    0 x_20    0 x_21]
[   0    1 x_22    0 x_23]
[   0    0    0    1 x_24])
Nope! w/ p
[0, 2, 1, 1, 4, 5, 0, 3, 8, 2, 5, 1, 2, 5, 5, 2, 1, 2, 1]
([   1 x_00], [   1    0    0 x_10    0]
[   0    1    0 x_11    0]
[   0    0    1 x_12    0]
[   0    0    0    0    1], [   1    0 x_20 x_21    0]
[   0    1 x_22 x_23    0]
[   0    0    0    0    1])
Nope! w/ p
[0, 2, 1, 1, 4, 5, 0, 3, 8, 2, 5, 1, 2, 5, 5, 2, 1, 2, 1]
([   1 x_00], [   1    0    0 x_10    0]
[   0    1    0 x_11    0]
[   0    0    1 x_12    0]
[   0    0    0    0    1], [   1 x_20    0    0 x_21]
[   0    0    1    0 x_22]
[   0    0    0    1 x_23])
Nope! w/ p
[0, 2, 1, 1, 4, 5, 0, 3, 8, 2, 5, 1, 2, 5, 5, 2, 1, 2, 1]
([   1 x_00], [   1    0    0 x_10    0]
[   0    1    0 x_11    0]
[   0    0    1 x_12    0]
[   0    0    0    0    1], [   1 x_20    0 x_21    0]
[   0    0    1 x_22    0]
[   0    0    0    0    1])
Nope! w/ p
[0, 2, 1, 1, 4, 5, 0, 3, 8, 2, 5, 1, 2, 5, 5, 2, 1, 2, 1]
([   1 x_00], [   1    0    0 x_10    0]
[   0    1    0 x_11    0]
[   0    0    1 x_12    0]
[   0    0    0    0    1], [   1 x_20 x_21    0    0]
[   0    0    0    1    0]
[   0    0    0    0    1])
Nope! w/ p
[0, 2, 1, 1, 4, 5, 0, 3, 8, 2, 5, 1, 2, 5, 5, 2, 1, 2, 1]
([   1 x_00], [   1    0    0 x_10    0]
[   0    1    0 x_11    0]
[   0    0    1 x_12    0]
[   0    0    0    0    1], [   0    1    0    0 x_20]
[   0    0    1    0 x_21]
[   0    0    0    1 x_22])
Nope! w/ p
[0, 2, 1, 1, 4, 5, 0, 3, 8, 2, 5, 1, 2, 5, 5, 2, 1, 2, 1]
([   1 x_00], [   1    0    0 x_10    0]
[   0    1    0 x_11    0]
[   0    0    1 x_12    0]
[   0    0    0    0    1], [   0    1    0 x_20    0]
[   0    0    1 x_21    0]
[   0    0    0    0    1])
Nope! w/ p
[0, 2, 1, 1, 4, 5, 0, 3, 8, 2, 5, 1, 2, 5, 5, 2, 1, 2, 1]
([   1 x_00], [   1    0    0 x_10    0]
[   0    1    0 x_11    0]
[   0    0    1 x_12    0]
[   0    0    0    0    1], [   0    1 x_20    0    0]
[   0    0    0    1    0]
[   0    0    0    0    1])
Nope! w/ p
[0, 2, 1, 1, 4, 5, 0, 3, 8, 2, 5, 1, 2, 5, 5, 2, 1, 2, 1]
([   1 x_00], [   1    0    0 x_10    0]
[   0    1    0 x_11    0]
[   0    0    1 x_12    0]
[   0    0    0    0    1], [0 0 1 0 0]
[0 0 0 1 0]
[0 0 0 0 1])
Nope! w/ p
[0, 2, 1, 1, 4, 5, 0, 3, 8, 2, 5, 1, 2, 5, 5, 2, 1, 2, 1]
([   1 x_00], [   1    0 x_10    0    0]
[   0    1 x_11    0    0]
[   0    0    0    1    0]
[   0    0    0    0    1], [   1    0    0 x_20 x_21]
[   0    1    0 x_22 x_23]
[   0    0    1 x_24 x_25])
Nope! w/ p
[0, 2, 1, 1, 4, 5, 0, 3, 8, 2, 5, 1, 2, 5, 5, 2, 1, 2, 1]
([   1 x_00], [   1    0 x_10    0    0]
[   0    1 x_11    0    0]
[   0    0    0    1    0]
[   0    0    0    0    1], [   1    0 x_20    0 x_21]
[   0    1 x_22    0 x_23]
[   0    0    0    1 x_24])
Nope! w/ p
[0, 2, 1, 1, 4, 5, 0, 3, 8, 2, 5, 1, 2, 5, 5, 2, 1, 2, 1]
([   1 x_00], [   1    0 x_10    0    0]
[   0    1 x_11    0    0]
[   0    0    0    1    0]
[   0    0    0    0    1], [   1    0 x_20 x_21    0]
[   0    1 x_22 x_23    0]
[   0    0    0    0    1])
Nope! w/ p
[0, 2, 1, 1, 4, 5, 0, 3, 8, 2, 5, 1, 2, 5, 5, 2, 1, 2, 1]
([   1 x_00], [   1    0 x_10    0    0]
[   0    1 x_11    0    0]
[   0    0    0    1    0]
[   0    0    0    0    1], [   1 x_20    0    0 x_21]
[   0    0    1    0 x_22]
[   0    0    0    1 x_23])
Nope! w/ p
[0, 2, 1, 1, 4, 5, 0, 3, 8, 2, 5, 1, 2, 5, 5, 2, 1, 2, 1]
([   1 x_00], [   1    0 x_10    0    0]
[   0    1 x_11    0    0]
[   0    0    0    1    0]
[   0    0    0    0    1], [   1 x_20    0 x_21    0]
[   0    0    1 x_22    0]
[   0    0    0    0    1])
Nope! w/ p
[0, 2, 1, 1, 4, 5, 0, 3, 8, 2, 5, 1, 2, 5, 5, 2, 1, 2, 1]
([   1 x_00], [   1    0 x_10    0    0]
[   0    1 x_11    0    0]
[   0    0    0    1    0]
[   0    0    0    0    1], [   1 x_20 x_21    0    0]
[   0    0    0    1    0]
[   0    0    0    0    1])
Nope! w/ p
[0, 2, 1, 1, 4, 5, 0, 3, 8, 2, 5, 1, 2, 5, 5, 2, 1, 2, 1]
([   1 x_00], [   1    0 x_10    0    0]
[   0    1 x_11    0    0]
[   0    0    0    1    0]
[   0    0    0    0    1], [   0    1    0    0 x_20]
[   0    0    1    0 x_21]
[   0    0    0    1 x_22])
Nope! w/ p
[0, 2, 1, 1, 4, 5, 0, 3, 8, 2, 5, 1, 2, 5, 5, 2, 1, 2, 1]
([   1 x_00], [   1    0 x_10    0    0]
[   0    1 x_11    0    0]
[   0    0    0    1    0]
[   0    0    0    0    1], [   0    1    0 x_20    0]
[   0    0    1 x_21    0]
[   0    0    0    0    1])
Nope! w/ p
[0, 2, 1, 1, 4, 5, 0, 3, 8, 2, 5, 1, 2, 5, 5, 2, 1, 2, 1]
([   1 x_00], [   1    0 x_10    0    0]
[   0    1 x_11    0    0]
[   0    0    0    1    0]
[   0    0    0    0    1], [   0    1 x_20    0    0]
[   0    0    0    1    0]
[   0    0    0    0    1])
Nope! w/ p
[0, 2, 1, 1, 4, 5, 0, 3, 8, 2, 5, 1, 2, 5, 5, 2, 1, 2, 1]
([   1 x_00], [   1    0 x_10    0    0]
[   0    1 x_11    0    0]
[   0    0    0    1    0]
[   0    0    0    0    1], [0 0 1 0 0]
[0 0 0 1 0]
[0 0 0 0 1])
Nope! w/ p
[0, 2, 1, 1, 4, 5, 0, 3, 8, 2, 5, 1, 2, 5, 5, 2, 1, 2, 1]
([   1 x_00], [   1 x_10    0    0    0]
[   0    0    1    0    0]
[   0    0    0    1    0]
[   0    0    0    0    1], [   1    0    0 x_20 x_21]
[   0    1    0 x_22 x_23]
[   0    0    1 x_24 x_25])
Nope! w/ p
[0, 2, 1, 1, 4, 5, 0, 3, 8, 2, 5, 1, 2, 5, 5, 2, 1, 2, 1]
([   1 x_00], [   1 x_10    0    0    0]
[   0    0    1    0    0]
[   0    0    0    1    0]
[   0    0    0    0    1], [   1    0 x_20    0 x_21]
[   0    1 x_22    0 x_23]
[   0    0    0    1 x_24])
Nope! w/ p
[0, 2, 1, 1, 4, 5, 0, 3, 8, 2, 5, 1, 2, 5, 5, 2, 1, 2, 1]
([   1 x_00], [   1 x_10    0    0    0]
[   0    0    1    0    0]
[   0    0    0    1    0]
[   0    0    0    0    1], [   1    0 x_20 x_21    0]
[   0    1 x_22 x_23    0]
[   0    0    0    0    1])
Nope! w/ p
[0, 2, 1, 1, 4, 5, 0, 3, 8, 2, 5, 1, 2, 5, 5, 2, 1, 2, 1]
([   1 x_00], [   1 x_10    0    0    0]
[   0    0    1    0    0]
[   0    0    0    1    0]
[   0    0    0    0    1], [   1 x_20    0    0 x_21]
[   0    0    1    0 x_22]
[   0    0    0    1 x_23])
Nope! w/ p
[0, 2, 1, 1, 4, 5, 0, 3, 8, 2, 5, 1, 2, 5, 5, 2, 1, 2, 1]
([   1 x_00], [   1 x_10    0    0    0]
[   0    0    1    0    0]
[   0    0    0    1    0]
[   0    0    0    0    1], [   1 x_20    0 x_21    0]
[   0    0    1 x_22    0]
[   0    0    0    0    1])
Nope! w/ p
[0, 2, 1, 1, 4, 5, 0, 3, 8, 2, 5, 1, 2, 5, 5, 2, 1, 2, 1]
([   1 x_00], [   1 x_10    0    0    0]
[   0    0    1    0    0]
[   0    0    0    1    0]
[   0    0    0    0    1], [   1 x_20 x_21    0    0]
[   0    0    0    1    0]
[   0    0    0    0    1])
Nope! w/ p
[0, 2, 1, 1, 4, 5, 0, 3, 8, 2, 5, 1, 2, 5, 5, 2, 1, 2, 1]
([   1 x_00], [   1 x_10    0    0    0]
[   0    0    1    0    0]
[   0    0    0    1    0]
[   0    0    0    0    1], [   0    1    0    0 x_20]
[   0    0    1    0 x_21]
[   0    0    0    1 x_22])
Nope! w/ p
[0, 2, 1, 1, 4, 5, 0, 3, 8, 2, 5, 1, 2, 5, 5, 2, 1, 2, 1]
([   1 x_00], [   1 x_10    0    0    0]
[   0    0    1    0    0]
[   0    0    0    1    0]
[   0    0    0    0    1], [   0    1    0 x_20    0]
[   0    0    1 x_21    0]
[   0    0    0    0    1])
Nope! w/ p
[0, 2, 1, 1, 4, 5, 0, 3, 8, 2, 5, 1, 2, 5, 5, 2, 1, 2, 1]
([   1 x_00], [   1 x_10    0    0    0]
[   0    0    1    0    0]
[   0    0    0    1    0]
[   0    0    0    0    1], [   0    1 x_20    0    0]
[   0    0    0    1    0]
[   0    0    0    0    1])
Nope! w/ p
[0, 2, 1, 1, 4, 5, 0, 3, 8, 2, 5, 1, 2, 5, 5, 2, 1, 2, 1]
([   1 x_00], [   1 x_10    0    0    0]
[   0    0    1    0    0]
[   0    0    0    1    0]
[   0    0    0    0    1], [0 0 1 0 0]
[0 0 0 1 0]
[0 0 0 0 1])
Nope! w/ p
[0, 2, 1, 1, 4, 5, 0, 3, 8, 2, 5, 1, 2, 5, 5, 2, 1, 2, 1]
([   1 x_00], [0 1 0 0 0]
[0 0 1 0 0]
[0 0 0 1 0]
[0 0 0 0 1], [   1    0    0 x_20 x_21]
[   0    1    0 x_22 x_23]
[   0    0    1 x_24 x_25])
Nope! w/ p
[0, 2, 1, 1, 4, 5, 0, 3, 8, 2, 5, 1, 2, 5, 5, 2, 1, 2, 1]
([   1 x_00], [0 1 0 0 0]
[0 0 1 0 0]
[0 0 0 1 0]
[0 0 0 0 1], [   1    0 x_20    0 x_21]
[   0    1 x_22    0 x_23]
[   0    0    0    1 x_24])
Nope! w/ p
[0, 2, 1, 1, 4, 5, 0, 3, 8, 2, 5, 1, 2, 5, 5, 2, 1, 2, 1]
([   1 x_00], [0 1 0 0 0]
[0 0 1 0 0]
[0 0 0 1 0]
[0 0 0 0 1], [   1    0 x_20 x_21    0]
[   0    1 x_22 x_23    0]
[   0    0    0    0    1])
Nope! w/ p
[0, 2, 1, 1, 4, 5, 0, 3, 8, 2, 5, 1, 2, 5, 5, 2, 1, 2, 1]
([   1 x_00], [0 1 0 0 0]
[0 0 1 0 0]
[0 0 0 1 0]
[0 0 0 0 1], [   1 x_20    0    0 x_21]
[   0    0    1    0 x_22]
[   0    0    0    1 x_23])
Nope! w/ p
[0, 2, 1, 1, 4, 5, 0, 3, 8, 2, 5, 1, 2, 5, 5, 2, 1, 2, 1]
([   1 x_00], [0 1 0 0 0]
[0 0 1 0 0]
[0 0 0 1 0]
[0 0 0 0 1], [   1 x_20    0 x_21    0]
[   0    0    1 x_22    0]
[   0    0    0    0    1])
Nope! w/ p
[0, 2, 1, 1, 4, 5, 0, 3, 8, 2, 5, 1, 2, 5, 5, 2, 1, 2, 1]
([   1 x_00], [0 1 0 0 0]
[0 0 1 0 0]
[0 0 0 1 0]
[0 0 0 0 1], [   1 x_20 x_21    0    0]
[   0    0    0    1    0]
[   0    0    0    0    1])
Nope! w/ p
[0, 2, 1, 1, 4, 5, 0, 3, 8, 2, 5, 1, 2, 5, 5, 2, 1, 2, 1]
([   1 x_00], [0 1 0 0 0]
[0 0 1 0 0]
[0 0 0 1 0]
[0 0 0 0 1], [   0    1    0    0 x_20]
[   0    0    1    0 x_21]
[   0    0    0    1 x_22])
Nope! w/ p
[0, 2, 1, 1, 4, 5, 0, 3, 8, 2, 5, 1, 2, 5, 5, 2, 1, 2, 1]
([   1 x_00], [0 1 0 0 0]
[0 0 1 0 0]
[0 0 0 1 0]
[0 0 0 0 1], [   0    1    0 x_20    0]
[   0    0    1 x_21    0]
[   0    0    0    0    1])
Nope! w/ p
[0, 2, 1, 1, 4, 5, 0, 3, 8, 2, 5, 1, 2, 5, 5, 2, 1, 2, 1]
([   1 x_00], [0 1 0 0 0]
[0 0 1 0 0]
[0 0 0 1 0]
[0 0 0 0 1], [   0    1 x_20    0    0]
[   0    0    0    1    0]
[   0    0    0    0    1])
Nope! w/ p
[0, 2, 1, 1, 4, 5, 0, 3, 8, 2, 5, 1, 2, 5, 5, 2, 1, 2, 1]
([   1 x_00], [0 1 0 0 0]
[0 0 1 0 0]
[0 0 0 1 0]
[0 0 0 0 1], [0 0 1 0 0]
[0 0 0 1 0]
[0 0 0 0 1])
Nope! w/ p
[0, 2, 1, 1, 4, 5, 0, 3, 8, 2, 5, 1, 2, 5, 5, 2, 1, 2, 1]
([0 1], [   1    0    0    0 x_10]
[   0    1    0    0 x_11]
[   0    0    1    0 x_12]
[   0    0    0    1 x_13], [   1    0    0 x_20 x_21]
[   0    1    0 x_22 x_23]
[   0    0    1 x_24 x_25])
Nope! w/ p
[0, 2, 1, 1, 4, 5, 0, 3, 8, 2, 5, 1, 2, 5, 5, 2, 1, 2, 1]
([0 1], [   1    0    0    0 x_10]
[   0    1    0    0 x_11]
[   0    0    1    0 x_12]
[   0    0    0    1 x_13], [   1    0 x_20    0 x_21]
[   0    1 x_22    0 x_23]
[   0    0    0    1 x_24])
Nope! w/ p
[0, 2, 1, 1, 4, 5, 0, 3, 8, 2, 5, 1, 2, 5, 5, 2, 1, 2, 1]
([0 1], [   1    0    0    0 x_10]
[   0    1    0    0 x_11]
[   0    0    1    0 x_12]
[   0    0    0    1 x_13], [   1    0 x_20 x_21    0]
[   0    1 x_22 x_23    0]
[   0    0    0    0    1])
Nope! w/ p
[0, 2, 1, 1, 4, 5, 0, 3, 8, 2, 5, 1, 2, 5, 5, 2, 1, 2, 1]
([0 1], [   1    0    0    0 x_10]
[   0    1    0    0 x_11]
[   0    0    1    0 x_12]
[   0    0    0    1 x_13], [   1 x_20    0    0 x_21]
[   0    0    1    0 x_22]
[   0    0    0    1 x_23])
Nope! w/ p
[0, 2, 1, 1, 4, 5, 0, 3, 8, 2, 5, 1, 2, 5, 5, 2, 1, 2, 1]
([0 1], [   1    0    0    0 x_10]
[   0    1    0    0 x_11]
[   0    0    1    0 x_12]
[   0    0    0    1 x_13], [   1 x_20    0 x_21    0]
[   0    0    1 x_22    0]
[   0    0    0    0    1])
Nope! w/ p
[0, 2, 1, 1, 4, 5, 0, 3, 8, 2, 5, 1, 2, 5, 5, 2, 1, 2, 1]
([0 1], [   1    0    0    0 x_10]
[   0    1    0    0 x_11]
[   0    0    1    0 x_12]
[   0    0    0    1 x_13], [   1 x_20 x_21    0    0]
[   0    0    0    1    0]
[   0    0    0    0    1])
Nope! w/ p
[0, 2, 1, 1, 4, 5, 0, 3, 8, 2, 5, 1, 2, 5, 5, 2, 1, 2, 1]
([0 1], [   1    0    0    0 x_10]
[   0    1    0    0 x_11]
[   0    0    1    0 x_12]
[   0    0    0    1 x_13], [   0    1    0    0 x_20]
[   0    0    1    0 x_21]
[   0    0    0    1 x_22])
Nope! w/ p
[0, 2, 1, 1, 4, 5, 0, 3, 8, 2, 5, 1, 2, 5, 5, 2, 1, 2, 1]
([0 1], [   1    0    0    0 x_10]
[   0    1    0    0 x_11]
[   0    0    1    0 x_12]
[   0    0    0    1 x_13], [   0    1    0 x_20    0]
[   0    0    1 x_21    0]
[   0    0    0    0    1])
Nope! w/ p
[0, 2, 1, 1, 4, 5, 0, 3, 8, 2, 5, 1, 2, 5, 5, 2, 1, 2, 1]
([0 1], [   1    0    0    0 x_10]
[   0    1    0    0 x_11]
[   0    0    1    0 x_12]
[   0    0    0    1 x_13], [   0    1 x_20    0    0]
[   0    0    0    1    0]
[   0    0    0    0    1])
Nope! w/ p
[0, 2, 1, 1, 4, 5, 0, 3, 8, 2, 5, 1, 2, 5, 5, 2, 1, 2, 1]
([0 1], [   1    0    0    0 x_10]
[   0    1    0    0 x_11]
[   0    0    1    0 x_12]
[   0    0    0    1 x_13], [0 0 1 0 0]
[0 0 0 1 0]
[0 0 0 0 1])
Nope! w/ p
[0, 2, 1, 1, 4, 5, 0, 3, 8, 2, 5, 1, 2, 5, 5, 2, 1, 2, 1]
([0 1], [   1    0    0 x_10    0]
[   0    1    0 x_11    0]
[   0    0    1 x_12    0]
[   0    0    0    0    1], [   1    0    0 x_20 x_21]
[   0    1    0 x_22 x_23]
[   0    0    1 x_24 x_25])
Nope! w/ p
[0, 2, 1, 1, 4, 5, 0, 3, 8, 2, 5, 1, 2, 5, 5, 2, 1, 2, 1]
([0 1], [   1    0    0 x_10    0]
[   0    1    0 x_11    0]
[   0    0    1 x_12    0]
[   0    0    0    0    1], [   1    0 x_20    0 x_21]
[   0    1 x_22    0 x_23]
[   0    0    0    1 x_24])
Nope! w/ p
[0, 2, 1, 1, 4, 5, 0, 3, 8, 2, 5, 1, 2, 5, 5, 2, 1, 2, 1]
([0 1], [   1    0    0 x_10    0]
[   0    1    0 x_11    0]
[   0    0    1 x_12    0]
[   0    0    0    0    1], [   1    0 x_20 x_21    0]
[   0    1 x_22 x_23    0]
[   0    0    0    0    1])
Nope! w/ p
[0, 2, 1, 1, 4, 5, 0, 3, 8, 2, 5, 1, 2, 5, 5, 2, 1, 2, 1]
([0 1], [   1    0    0 x_10    0]
[   0    1    0 x_11    0]
[   0    0    1 x_12    0]
[   0    0    0    0    1], [   1 x_20    0    0 x_21]
[   0    0    1    0 x_22]
[   0    0    0    1 x_23])
Nope! w/ p
[0, 2, 1, 1, 4, 5, 0, 3, 8, 2, 5, 1, 2, 5, 5, 2, 1, 2, 1]
([0 1], [   1    0    0 x_10    0]
[   0    1    0 x_11    0]
[   0    0    1 x_12    0]
[   0    0    0    0    1], [   1 x_20    0 x_21    0]
[   0    0    1 x_22    0]
[   0    0    0    0    1])
Nope! w/ p
[0, 2, 1, 1, 4, 5, 0, 3, 8, 2, 5, 1, 2, 5, 5, 2, 1, 2, 1]
([0 1], [   1    0    0 x_10    0]
[   0    1    0 x_11    0]
[   0    0    1 x_12    0]
[   0    0    0    0    1], [   1 x_20 x_21    0    0]
[   0    0    0    1    0]
[   0    0    0    0    1])
Nope! w/ p
[0, 2, 1, 1, 4, 5, 0, 3, 8, 2, 5, 1, 2, 5, 5, 2, 1, 2, 1]
([0 1], [   1    0    0 x_10    0]
[   0    1    0 x_11    0]
[   0    0    1 x_12    0]
[   0    0    0    0    1], [   0    1    0    0 x_20]
[   0    0    1    0 x_21]
[   0    0    0    1 x_22])
Nope! w/ p
[0, 2, 1, 1, 4, 5, 0, 3, 8, 2, 5, 1, 2, 5, 5, 2, 1, 2, 1]
([0 1], [   1    0    0 x_10    0]
[   0    1    0 x_11    0]
[   0    0    1 x_12    0]
[   0    0    0    0    1], [   0    1    0 x_20    0]
[   0    0    1 x_21    0]
[   0    0    0    0    1])
Nope! w/ p
[0, 2, 1, 1, 4, 5, 0, 3, 8, 2, 5, 1, 2, 5, 5, 2, 1, 2, 1]
([0 1], [   1    0    0 x_10    0]
[   0    1    0 x_11    0]
[   0    0    1 x_12    0]
[   0    0    0    0    1], [   0    1 x_20    0    0]
[   0    0    0    1    0]
[   0    0    0    0    1])
Nope! w/ p
[0, 2, 1, 1, 4, 5, 0, 3, 8, 2, 5, 1, 2, 5, 5, 2, 1, 2, 1]
([0 1], [   1    0    0 x_10    0]
[   0    1    0 x_11    0]
[   0    0    1 x_12    0]
[   0    0    0    0    1], [0 0 1 0 0]
[0 0 0 1 0]
[0 0 0 0 1])
Nope! w/ p
[0, 2, 1, 1, 4, 5, 0, 3, 8, 2, 5, 1, 2, 5, 5, 2, 1, 2, 1]
([0 1], [   1    0 x_10    0    0]
[   0    1 x_11    0    0]
[   0    0    0    1    0]
[   0    0    0    0    1], [   1    0    0 x_20 x_21]
[   0    1    0 x_22 x_23]
[   0    0    1 x_24 x_25])
Nope! w/ p
[0, 2, 1, 1, 4, 5, 0, 3, 8, 2, 5, 1, 2, 5, 5, 2, 1, 2, 1]
([0 1], [   1    0 x_10    0    0]
[   0    1 x_11    0    0]
[   0    0    0    1    0]
[   0    0    0    0    1], [   1    0 x_20    0 x_21]
[   0    1 x_22    0 x_23]
[   0    0    0    1 x_24])
Nope! w/ p
[0, 2, 1, 1, 4, 5, 0, 3, 8, 2, 5, 1, 2, 5, 5, 2, 1, 2, 1]
([0 1], [   1    0 x_10    0    0]
[   0    1 x_11    0    0]
[   0    0    0    1    0]
[   0    0    0    0    1], [   1    0 x_20 x_21    0]
[   0    1 x_22 x_23    0]
[   0    0    0    0    1])
Nope! w/ p
[0, 2, 1, 1, 4, 5, 0, 3, 8, 2, 5, 1, 2, 5, 5, 2, 1, 2, 1]
([0 1], [   1    0 x_10    0    0]
[   0    1 x_11    0    0]
[   0    0    0    1    0]
[   0    0    0    0    1], [   1 x_20    0    0 x_21]
[   0    0    1    0 x_22]
[   0    0    0    1 x_23])
Nope! w/ p
[0, 2, 1, 1, 4, 5, 0, 3, 8, 2, 5, 1, 2, 5, 5, 2, 1, 2, 1]
([0 1], [   1    0 x_10    0    0]
[   0    1 x_11    0    0]
[   0    0    0    1    0]
[   0    0    0    0    1], [   1 x_20    0 x_21    0]
[   0    0    1 x_22    0]
[   0    0    0    0    1])
Nope! w/ p
[0, 2, 1, 1, 4, 5, 0, 3, 8, 2, 5, 1, 2, 5, 5, 2, 1, 2, 1]
([0 1], [   1    0 x_10    0    0]
[   0    1 x_11    0    0]
[   0    0    0    1    0]
[   0    0    0    0    1], [   1 x_20 x_21    0    0]
[   0    0    0    1    0]
[   0    0    0    0    1])
Nope! w/ p
[0, 2, 1, 1, 4, 5, 0, 3, 8, 2, 5, 1, 2, 5, 5, 2, 1, 2, 1]
([0 1], [   1    0 x_10    0    0]
[   0    1 x_11    0    0]
[   0    0    0    1    0]
[   0    0    0    0    1], [   0    1    0    0 x_20]
[   0    0    1    0 x_21]
[   0    0    0    1 x_22])
Nope! w/ p
[0, 2, 1, 1, 4, 5, 0, 3, 8, 2, 5, 1, 2, 5, 5, 2, 1, 2, 1]
([0 1], [   1    0 x_10    0    0]
[   0    1 x_11    0    0]
[   0    0    0    1    0]
[   0    0    0    0    1], [   0    1    0 x_20    0]
[   0    0    1 x_21    0]
[   0    0    0    0    1])
Nope! w/ p
[0, 2, 1, 1, 4, 5, 0, 3, 8, 2, 5, 1, 2, 5, 5, 2, 1, 2, 1]
([0 1], [   1    0 x_10    0    0]
[   0    1 x_11    0    0]
[   0    0    0    1    0]
[   0    0    0    0    1], [   0    1 x_20    0    0]
[   0    0    0    1    0]
[   0    0    0    0    1])
Nope! w/ p
[0, 2, 1, 1, 4, 5, 0, 3, 8, 2, 5, 1, 2, 5, 5, 2, 1, 2, 1]
([0 1], [   1    0 x_10    0    0]
[   0    1 x_11    0    0]
[   0    0    0    1    0]
[   0    0    0    0    1], [0 0 1 0 0]
[0 0 0 1 0]
[0 0 0 0 1])
Nope! w/ p
[0, 2, 1, 1, 4, 5, 0, 3, 8, 2, 5, 1, 2, 5, 5, 2, 1, 2, 1]
([0 1], [   1 x_10    0    0    0]
[   0    0    1    0    0]
[   0    0    0    1    0]
[   0    0    0    0    1], [   1    0    0 x_20 x_21]
[   0    1    0 x_22 x_23]
[   0    0    1 x_24 x_25])
Nope! w/ p
[0, 2, 1, 1, 4, 5, 0, 3, 8, 2, 5, 1, 2, 5, 5, 2, 1, 2, 1]
([0 1], [   1 x_10    0    0    0]
[   0    0    1    0    0]
[   0    0    0    1    0]
[   0    0    0    0    1], [   1    0 x_20    0 x_21]
[   0    1 x_22    0 x_23]
[   0    0    0    1 x_24])
Nope! w/ p
[0, 2, 1, 1, 4, 5, 0, 3, 8, 2, 5, 1, 2, 5, 5, 2, 1, 2, 1]
([0 1], [   1 x_10    0    0    0]
[   0    0    1    0    0]
[   0    0    0    1    0]
[   0    0    0    0    1], [   1    0 x_20 x_21    0]
[   0    1 x_22 x_23    0]
[   0    0    0    0    1])
Nope! w/ p
[0, 2, 1, 1, 4, 5, 0, 3, 8, 2, 5, 1, 2, 5, 5, 2, 1, 2, 1]
([0 1], [   1 x_10    0    0    0]
[   0    0    1    0    0]
[   0    0    0    1    0]
[   0    0    0    0    1], [   1 x_20    0    0 x_21]
[   0    0    1    0 x_22]
[   0    0    0    1 x_23])
Nope! w/ p
[0, 2, 1, 1, 4, 5, 0, 3, 8, 2, 5, 1, 2, 5, 5, 2, 1, 2, 1]
([0 1], [   1 x_10    0    0    0]
[   0    0    1    0    0]
[   0    0    0    1    0]
[   0    0    0    0    1], [   1 x_20    0 x_21    0]
[   0    0    1 x_22    0]
[   0    0    0    0    1])
Nope! w/ p
[0, 2, 1, 1, 4, 5, 0, 3, 8, 2, 5, 1, 2, 5, 5, 2, 1, 2, 1]
([0 1], [   1 x_10    0    0    0]
[   0    0    1    0    0]
[   0    0    0    1    0]
[   0    0    0    0    1], [   1 x_20 x_21    0    0]
[   0    0    0    1    0]
[   0    0    0    0    1])
Nope! w/ p
[0, 2, 1, 1, 4, 5, 0, 3, 8, 2, 5, 1, 2, 5, 5, 2, 1, 2, 1]
([0 1], [   1 x_10    0    0    0]
[   0    0    1    0    0]
[   0    0    0    1    0]
[   0    0    0    0    1], [   0    1    0    0 x_20]
[   0    0    1    0 x_21]
[   0    0    0    1 x_22])
Nope! w/ p
[0, 2, 1, 1, 4, 5, 0, 3, 8, 2, 5, 1, 2, 5, 5, 2, 1, 2, 1]
([0 1], [   1 x_10    0    0    0]
[   0    0    1    0    0]
[   0    0    0    1    0]
[   0    0    0    0    1], [   0    1    0 x_20    0]
[   0    0    1 x_21    0]
[   0    0    0    0    1])
Nope! w/ p
[0, 2, 1, 1, 4, 5, 0, 3, 8, 2, 5, 1, 2, 5, 5, 2, 1, 2, 1]
([0 1], [   1 x_10    0    0    0]
[   0    0    1    0    0]
[   0    0    0    1    0]
[   0    0    0    0    1], [   0    1 x_20    0    0]
[   0    0    0    1    0]
[   0    0    0    0    1])
Nope! w/ p
[0, 2, 1, 1, 4, 5, 0, 3, 8, 2, 5, 1, 2, 5, 5, 2, 1, 2, 1]
([0 1], [   1 x_10    0    0    0]
[   0    0    1    0    0]
[   0    0    0    1    0]
[   0    0    0    0    1], [0 0 1 0 0]
[0 0 0 1 0]
[0 0 0 0 1])
Nope! w/ p
[0, 2, 1, 1, 4, 5, 0, 3, 8, 2, 5, 1, 2, 5, 5, 2, 1, 2, 1]
([0 1], [0 1 0 0 0]
[0 0 1 0 0]
[0 0 0 1 0]
[0 0 0 0 1], [   1    0    0 x_20 x_21]
[   0    1    0 x_22 x_23]
[   0    0    1 x_24 x_25])
Nope! w/ p
[0, 2, 1, 1, 4, 5, 0, 3, 8, 2, 5, 1, 2, 5, 5, 2, 1, 2, 1]
([0 1], [0 1 0 0 0]
[0 0 1 0 0]
[0 0 0 1 0]
[0 0 0 0 1], [   1    0 x_20    0 x_21]
[   0    1 x_22    0 x_23]
[   0    0    0    1 x_24])
Nope! w/ p
[0, 2, 1, 1, 4, 5, 0, 3, 8, 2, 5, 1, 2, 5, 5, 2, 1, 2, 1]
([0 1], [0 1 0 0 0]
[0 0 1 0 0]
[0 0 0 1 0]
[0 0 0 0 1], [   1    0 x_20 x_21    0]
[   0    1 x_22 x_23    0]
[   0    0    0    0    1])
Nope! w/ p
[0, 2, 1, 1, 4, 5, 0, 3, 8, 2, 5, 1, 2, 5, 5, 2, 1, 2, 1]
([0 1], [0 1 0 0 0]
[0 0 1 0 0]
[0 0 0 1 0]
[0 0 0 0 1], [   1 x_20    0    0 x_21]
[   0    0    1    0 x_22]
[   0    0    0    1 x_23])
Nope! w/ p
[0, 2, 1, 1, 4, 5, 0, 3, 8, 2, 5, 1, 2, 5, 5, 2, 1, 2, 1]
([0 1], [0 1 0 0 0]
[0 0 1 0 0]
[0 0 0 1 0]
[0 0 0 0 1], [   1 x_20    0 x_21    0]
[   0    0    1 x_22    0]
[   0    0    0    0    1])
Nope! w/ p
[0, 2, 1, 1, 4, 5, 0, 3, 8, 2, 5, 1, 2, 5, 5, 2, 1, 2, 1]
([0 1], [0 1 0 0 0]
[0 0 1 0 0]
[0 0 0 1 0]
[0 0 0 0 1], [   1 x_20 x_21    0    0]
[   0    0    0    1    0]
[   0    0    0    0    1])
Nope! w/ p
[0, 2, 1, 1, 4, 5, 0, 3, 8, 2, 5, 1, 2, 5, 5, 2, 1, 2, 1]
([0 1], [0 1 0 0 0]
[0 0 1 0 0]
[0 0 0 1 0]
[0 0 0 0 1], [   0    1    0    0 x_20]
[   0    0    1    0 x_21]
[   0    0    0    1 x_22])
Nope! w/ p
[0, 2, 1, 1, 4, 5, 0, 3, 8, 2, 5, 1, 2, 5, 5, 2, 1, 2, 1]
([0 1], [0 1 0 0 0]
[0 0 1 0 0]
[0 0 0 1 0]
[0 0 0 0 1], [   0    1    0 x_20    0]
[   0    0    1 x_21    0]
[   0    0    0    0    1])
Nope! w/ p
[0, 2, 1, 1, 4, 5, 0, 3, 8, 2, 5, 1, 2, 5, 5, 2, 1, 2, 1]
([0 1], [0 1 0 0 0]
[0 0 1 0 0]
[0 0 0 1 0]
[0 0 0 0 1], [   0    1 x_20    0    0]
[   0    0    0    1    0]
[   0    0    0    0    1])
Nope! w/ p
[0, 2, 1, 1, 4, 5, 0, 3, 8, 2, 5, 1, 2, 5, 5, 2, 1, 2, 1]
([0 1], [0 1 0 0 0]
[0 0 1 0 0]
[0 0 0 1 0]
[0 0 0 0 1], [0 0 1 0 0]
[0 0 0 1 0]
[0 0 0 0 1])
