h is([0, 0, 0, 0, 3, 1, 0, 0, 2, 0, 0, 0, 0, 0, 0, 0, 0, 0, 0], ([   1 x_00    0 x_01 x_02]
[   0    0    1 x_03 x_04], [   1    0    0    0 x_10]
[   0    1    0    0 x_11]
[   0    0    1    0 x_12]
[   0    0    0    1 x_13], [   0    1    0    0 x_20    0    0    0]
[   0    0    1    0 x_21    0    0    0]
[   0    0    0    1 x_22    0    0    0]
[   0    0    0    0    0    1    0    0]
[   0    0    0    0    0    0    1    0]
[   0    0    0    0    0    0    0    1]))
Nope! w/ p
[1, 2, 1, 2, 2, 4, 1, 5, 6, 2, 5, 1, 2, 5, 5, 2, 1, 2, 1]
([   1 x_00    0 x_01 x_02]
[   0    0    1 x_03 x_04], [   1    0    0    0 x_10]
[   0    1    0    0 x_11]
[   0    0    1    0 x_12]
[   0    0    0    1 x_13], [   0    1    0    0 x_20    0    0    0]
[   0    0    1    0 x_21    0    0    0]
[   0    0    0    1 x_22    0    0    0]
[   0    0    0    0    0    1    0    0]
[   0    0    0    0    0    0    1    0]
[   0    0    0    0    0    0    0    1])
