h is[1, 1, 0, 1, 3, 0, 0, 0, 0, 0, 0, 0, 0, 0, 0, 0, 0, 0, 0]
Nope! w/ p
[0, 1, 1, 1, 2, 5, 1, 5, 8, 2, 5, 1, 2, 5, 5, 2, 1, 2, 1]
([   1 x_00], [   1 x_10], [   1    0 x_20 x_21 x_22]
[   0    1 x_23 x_24 x_25])
Nope! w/ p
[0, 1, 1, 1, 2, 5, 1, 5, 8, 2, 5, 1, 2, 5, 5, 2, 1, 2, 1]
([   1 x_00], [   1 x_10], [   1 x_20    0 x_21 x_22]
[   0    0    1 x_23 x_24])
Nope! w/ p
[0, 1, 1, 1, 2, 5, 1, 5, 8, 2, 5, 1, 2, 5, 5, 2, 1, 2, 1]
([   1 x_00], [   1 x_10], [   1 x_20 x_21    0 x_22]
[   0    0    0    1 x_23])
Nope! w/ p
[0, 1, 1, 1, 2, 5, 1, 5, 8, 2, 5, 1, 2, 5, 5, 2, 1, 2, 1]
([   1 x_00], [   1 x_10], [   1 x_20 x_21 x_22    0]
[   0    0    0    0    1])
Nope! w/ p
[0, 1, 1, 1, 2, 5, 1, 5, 8, 2, 5, 1, 2, 5, 5, 2, 1, 2, 1]
([   1 x_00], [   1 x_10], [   0    1    0 x_20 x_21]
[   0    0    1 x_22 x_23])
Nope! w/ p
[0, 1, 1, 1, 2, 5, 1, 5, 8, 2, 5, 1, 2, 5, 5, 2, 1, 2, 1]
([   1 x_00], [   1 x_10], [   0    1 x_20    0 x_21]
[   0    0    0    1 x_22])
Nope! w/ p
[0, 1, 1, 1, 2, 5, 1, 5, 8, 2, 5, 1, 2, 5, 5, 2, 1, 2, 1]
([   1 x_00], [   1 x_10], [   0    1 x_20 x_21    0]
[   0    0    0    0    1])
Nope! w/ p
[0, 1, 1, 1, 2, 5, 1, 5, 8, 2, 5, 1, 2, 5, 5, 2, 1, 2, 1]
([   1 x_00], [   1 x_10], [   0    0    1    0 x_20]
[   0    0    0    1 x_21])
Nope! w/ p
[0, 1, 1, 1, 2, 5, 1, 5, 8, 2, 5, 1, 2, 5, 5, 2, 1, 2, 1]
([   1 x_00], [   1 x_10], [   0    0    1 x_20    0]
[   0    0    0    0    1])
Nope! w/ p
[0, 1, 1, 1, 2, 5, 1, 5, 8, 2, 5, 1, 2, 5, 5, 2, 1, 2, 1]
([   1 x_00], [   1 x_10], [0 0 0 1 0]
[0 0 0 0 1])
Nope! w/ p
[0, 1, 1, 1, 2, 5, 1, 5, 8, 2, 5, 1, 2, 5, 5, 2, 1, 2, 1]
([   1 x_00], [0 1], [   1    0 x_20 x_21 x_22]
[   0    1 x_23 x_24 x_25])
Nope! w/ p
[0, 1, 1, 1, 2, 5, 1, 5, 8, 2, 5, 1, 2, 5, 5, 2, 1, 2, 1]
([   1 x_00], [0 1], [   1 x_20    0 x_21 x_22]
[   0    0    1 x_23 x_24])
Nope! w/ p
[0, 1, 1, 1, 2, 5, 1, 5, 8, 2, 5, 1, 2, 5, 5, 2, 1, 2, 1]
([   1 x_00], [0 1], [   1 x_20 x_21    0 x_22]
[   0    0    0    1 x_23])
Nope! w/ p
[0, 1, 1, 1, 2, 5, 1, 5, 8, 2, 5, 1, 2, 5, 5, 2, 1, 2, 1]
([   1 x_00], [0 1], [   1 x_20 x_21 x_22    0]
[   0    0    0    0    1])
Nope! w/ p
[0, 1, 1, 1, 2, 5, 1, 5, 8, 2, 5, 1, 2, 5, 5, 2, 1, 2, 1]
([   1 x_00], [0 1], [   0    1    0 x_20 x_21]
[   0    0    1 x_22 x_23])
Nope! w/ p
[0, 1, 1, 1, 2, 5, 1, 5, 8, 2, 5, 1, 2, 5, 5, 2, 1, 2, 1]
([   1 x_00], [0 1], [   0    1 x_20    0 x_21]
[   0    0    0    1 x_22])
Nope! w/ p
[0, 1, 1, 1, 2, 5, 1, 5, 8, 2, 5, 1, 2, 5, 5, 2, 1, 2, 1]
([   1 x_00], [0 1], [   0    1 x_20 x_21    0]
[   0    0    0    0    1])
Nope! w/ p
[0, 1, 1, 1, 2, 5, 1, 5, 8, 2, 5, 1, 2, 5, 5, 2, 1, 2, 1]
([   1 x_00], [0 1], [   0    0    1    0 x_20]
[   0    0    0    1 x_21])
Nope! w/ p
[0, 1, 1, 1, 2, 5, 1, 5, 8, 2, 5, 1, 2, 5, 5, 2, 1, 2, 1]
([   1 x_00], [0 1], [   0    0    1 x_20    0]
[   0    0    0    0    1])
Nope! w/ p
[0, 1, 1, 1, 2, 5, 1, 5, 8, 2, 5, 1, 2, 5, 5, 2, 1, 2, 1]
([   1 x_00], [0 1], [0 0 0 1 0]
[0 0 0 0 1])
Nope! w/ p
[0, 1, 1, 1, 2, 5, 1, 5, 8, 2, 5, 1, 2, 5, 5, 2, 1, 2, 1]
([0 1], [   1 x_10], [   1    0 x_20 x_21 x_22]
[   0    1 x_23 x_24 x_25])
Nope! w/ p
[0, 1, 1, 1, 2, 5, 1, 5, 8, 2, 5, 1, 2, 5, 5, 2, 1, 2, 1]
([0 1], [   1 x_10], [   1 x_20    0 x_21 x_22]
[   0    0    1 x_23 x_24])
Nope! w/ p
[0, 1, 1, 1, 2, 5, 1, 5, 8, 2, 5, 1, 2, 5, 5, 2, 1, 2, 1]
([0 1], [   1 x_10], [   1 x_20 x_21    0 x_22]
[   0    0    0    1 x_23])
Nope! w/ p
[0, 1, 1, 1, 2, 5, 1, 5, 8, 2, 5, 1, 2, 5, 5, 2, 1, 2, 1]
([0 1], [   1 x_10], [   1 x_20 x_21 x_22    0]
[   0    0    0    0    1])
Nope! w/ p
[0, 1, 1, 1, 2, 5, 1, 5, 8, 2, 5, 1, 2, 5, 5, 2, 1, 2, 1]
([0 1], [   1 x_10], [   0    1    0 x_20 x_21]
[   0    0    1 x_22 x_23])
Nope! w/ p
[0, 1, 1, 1, 2, 5, 1, 5, 8, 2, 5, 1, 2, 5, 5, 2, 1, 2, 1]
([0 1], [   1 x_10], [   0    1 x_20    0 x_21]
[   0    0    0    1 x_22])
Nope! w/ p
[0, 1, 1, 1, 2, 5, 1, 5, 8, 2, 5, 1, 2, 5, 5, 2, 1, 2, 1]
([0 1], [   1 x_10], [   0    1 x_20 x_21    0]
[   0    0    0    0    1])
Nope! w/ p
[0, 1, 1, 1, 2, 5, 1, 5, 8, 2, 5, 1, 2, 5, 5, 2, 1, 2, 1]
([0 1], [   1 x_10], [   0    0    1    0 x_20]
[   0    0    0    1 x_21])
Nope! w/ p
[0, 1, 1, 1, 2, 5, 1, 5, 8, 2, 5, 1, 2, 5, 5, 2, 1, 2, 1]
([0 1], [   1 x_10], [   0    0    1 x_20    0]
[   0    0    0    0    1])
Nope! w/ p
[0, 1, 1, 1, 2, 5, 1, 5, 8, 2, 5, 1, 2, 5, 5, 2, 1, 2, 1]
([0 1], [   1 x_10], [0 0 0 1 0]
[0 0 0 0 1])
Nope! w/ p
[0, 1, 1, 1, 2, 5, 1, 5, 8, 2, 5, 1, 2, 5, 5, 2, 1, 2, 1]
([0 1], [0 1], [   1    0 x_20 x_21 x_22]
[   0    1 x_23 x_24 x_25])
Nope! w/ p
[0, 1, 1, 1, 2, 5, 1, 5, 8, 2, 5, 1, 2, 5, 5, 2, 1, 2, 1]
([0 1], [0 1], [   1 x_20    0 x_21 x_22]
[   0    0    1 x_23 x_24])
Nope! w/ p
[0, 1, 1, 1, 2, 5, 1, 5, 8, 2, 5, 1, 2, 5, 5, 2, 1, 2, 1]
([0 1], [0 1], [   1 x_20 x_21    0 x_22]
[   0    0    0    1 x_23])
Nope! w/ p
[0, 1, 1, 1, 2, 5, 1, 5, 8, 2, 5, 1, 2, 5, 5, 2, 1, 2, 1]
([0 1], [0 1], [   1 x_20 x_21 x_22    0]
[   0    0    0    0    1])
Nope! w/ p
[0, 1, 1, 1, 2, 5, 1, 5, 8, 2, 5, 1, 2, 5, 5, 2, 1, 2, 1]
([0 1], [0 1], [   0    1    0 x_20 x_21]
[   0    0    1 x_22 x_23])
Nope! w/ p
[0, 1, 1, 1, 2, 5, 1, 5, 8, 2, 5, 1, 2, 5, 5, 2, 1, 2, 1]
([0 1], [0 1], [   0    1 x_20    0 x_21]
[   0    0    0    1 x_22])
Nope! w/ p
[0, 1, 1, 1, 2, 5, 1, 5, 8, 2, 5, 1, 2, 5, 5, 2, 1, 2, 1]
([0 1], [0 1], [   0    1 x_20 x_21    0]
[   0    0    0    0    1])
Nope! w/ p
[0, 1, 1, 1, 2, 5, 1, 5, 8, 2, 5, 1, 2, 5, 5, 2, 1, 2, 1]
([0 1], [0 1], [   0    0    1    0 x_20]
[   0    0    0    1 x_21])
Nope! w/ p
[0, 1, 1, 1, 2, 5, 1, 5, 8, 2, 5, 1, 2, 5, 5, 2, 1, 2, 1]
([0 1], [0 1], [   0    0    1 x_20    0]
[   0    0    0    0    1])
Nope! w/ p
[0, 1, 1, 1, 2, 5, 1, 5, 8, 2, 5, 1, 2, 5, 5, 2, 1, 2, 1]
([0 1], [0 1], [0 0 0 1 0]
[0 0 0 0 1])
