h is([0, 0, 0, 0, 3, 1, 0, 0, 1, 1, 0, 0, 0, 0, 0, 0, 0, 0, 0], ([   1 x_00    0 x_01 x_02]
[   0    0    1 x_03 x_04], [   1 x_10    0    0    0]
[   0    0    1    0    0]
[   0    0    0    1    0]
[   0    0    0    0    1], [   1    0 x_20    0    0    0    0    0]
[   0    1 x_21    0    0    0    0    0]
[   0    0    0    1    0    0    0    0]
[   0    0    0    0    1    0    0    0]
[   0    0    0    0    0    1    0    0]
[   0    0    0    0    0    0    1    0]
[   0    0    0    0    0    0    0    1], [0 1]))
Nope! w/ p
[1, 2, 1, 2, 2, 4, 1, 5, 7, 1, 5, 1, 2, 5, 5, 2, 1, 2, 1]
([   1 x_00    0 x_01 x_02]
[   0    0    1 x_03 x_04], [   1 x_10    0    0    0]
[   0    0    1    0    0]
[   0    0    0    1    0]
[   0    0    0    0    1], [   1    0 x_20    0    0    0    0    0]
[   0    1 x_21    0    0    0    0    0]
[   0    0    0    1    0    0    0    0]
[   0    0    0    0    1    0    0    0]
[   0    0    0    0    0    1    0    0]
[   0    0    0    0    0    0    1    0]
[   0    0    0    0    0    0    0    1], [0 1])
