h is([0, 0, 0, 0, 4, 0, 0, 1, 1, 0, 0, 0, 0, 0, 0, 0, 0, 0, 0], ([0 0 0 0 1], [0 1 0 0 0]
[0 0 1 0 0]
[0 0 0 1 0]
[0 0 0 0 1], [   1    0 x_20    0    0    0    0    0]
[   0    1 x_21    0    0    0    0    0]
[   0    0    0    1    0    0    0    0]
[   0    0    0    0    1    0    0    0]
[   0    0    0    0    0    1    0    0]
[   0    0    0    0    0    0    1    0]
[   0    0    0    0    0    0    0    1]))
Nope! w/ p
[1, 2, 1, 2, 1, 5, 1, 4, 7, 2, 5, 1, 2, 5, 5, 2, 1, 2, 1]
([0 0 0 0 1], [0 1 0 0 0]
[0 0 1 0 0]
[0 0 0 1 0]
[0 0 0 0 1], [   1    0 x_20    0    0    0    0    0]
[   0    1 x_21    0    0    0    0    0]
[   0    0    0    1    0    0    0    0]
[   0    0    0    0    1    0    0    0]
[   0    0    0    0    0    1    0    0]
[   0    0    0    0    0    0    1    0]
[   0    0    0    0    0    0    0    1])
