c is[4, 1, 0, 0, 1]
No Candidate
[[0, 1, 1, 0, 0, 2, 1, 2, 3, 1, 2, 1, 1, 2, 2, 1, 1, 1, 1], [0, 1, 1, 1, 1, 1, 1, 1, 1, 1], [1, 1, 1, 1, 1, 1, 1, 1, 1, 1], [1], [0, 1, 1, 2, 1, 1, 1]]
Univariate Polynomial Ring in x_00 over Rational Field
No Candidate with parameters
[[0, 1, 1, 0, 1, 2, 0, 2, 3, 1, 2, 1, 1, 2, 2, 1, 1, 1, 1], [0, 1, 1, 1, 1, 1, 1, 1, 1, 1], [1, 1, 1, 1, 1, 1, 1, 1, 1, 1], [1], [0, 1, 1, 2, 1, 1, 1]]
((1, x_00),)
No Candidate with parameters
[[0, 1, 1, 0, 1, 2, 0, 2, 3, 1, 2, 1, 1, 2, 2, 1, 1, 1, 1], [0, 1, 1, 1, 1, 1, 1, 1, 1, 1], [1, 1, 1, 1, 1, 1, 1, 1, 1, 1], [1], [0, 1, 1, 2, 1, 1, 1]]
((0, 1),)
Multivariate Polynomial Ring in x_00, x_10 over Rational Field
No Candidate with parameters
[[0, 1, 1, 0, 1, 1, 1, 2, 3, 1, 2, 1, 1, 2, 2, 1, 1, 1, 1], [0, 1, 1, 1, 1, 1, 1, 1, 1, 1], [1, 1, 1, 1, 1, 1, 1, 1, 1, 1], [1], [0, 1, 1, 2, 1, 1, 1]]
((1, x_00), (1, x_10))
No Candidate with parameters
[[0, 1, 1, 0, 1, 1, 1, 2, 3, 1, 2, 1, 1, 2, 2, 1, 1, 1, 1], [0, 1, 1, 1, 1, 1, 1, 1, 1, 1], [1, 1, 1, 1, 1, 1, 1, 1, 1, 1], [1], [0, 1, 1, 2, 1, 1, 1]]
((1, x_00), (0, 1))
No Candidate with parameters
[[0, 1, 1, 0, 1, 1, 1, 2, 3, 1, 2, 1, 1, 2, 2, 1, 1, 1, 1], [0, 1, 1, 1, 1, 1, 1, 1, 1, 1], [1, 1, 1, 1, 1, 1, 1, 1, 1, 1], [1], [0, 1, 1, 2, 1, 1, 1]]
((0, 1), (1, x_10))
No Candidate with parameters
[[0, 1, 1, 0, 1, 1, 1, 2, 3, 1, 2, 1, 1, 2, 2, 1, 1, 1, 1], [0, 1, 1, 1, 1, 1, 1, 1, 1, 1], [1, 1, 1, 1, 1, 1, 1, 1, 1, 1], [1], [0, 1, 1, 2, 1, 1, 1]]
((0, 1), (0, 1))
Multivariate Polynomial Ring in x_00, x_10 over Rational Field
No Candidate with parameters
[[0, 1, 1, 0, 1, 2, 1, 1, 3, 1, 2, 1, 1, 2, 2, 1, 1, 1, 1], [0, 1, 1, 1, 1, 1, 1, 1, 1, 1], [1, 1, 1, 1, 1, 1, 1, 1, 1, 1], [1], [0, 1, 1, 2, 1, 1, 1]]
((1, x_00), (1, x_10))
No Candidate with parameters
[[0, 1, 1, 0, 1, 2, 1, 1, 3, 1, 2, 1, 1, 2, 2, 1, 1, 1, 1], [0, 1, 1, 1, 1, 1, 1, 1, 1, 1], [1, 1, 1, 1, 1, 1, 1, 1, 1, 1], [1], [0, 1, 1, 2, 1, 1, 1]]
((1, x_00), (0, 1))
No Candidate with parameters
[[0, 1, 1, 0, 1, 2, 1, 1, 3, 1, 2, 1, 1, 2, 2, 1, 1, 1, 1], [0, 1, 1, 1, 1, 1, 1, 1, 1, 1], [1, 1, 1, 1, 1, 1, 1, 1, 1, 1], [1], [0, 1, 1, 2, 1, 1, 1]]
((0, 1), (1, x_10))
No Candidate with parameters
[[0, 1, 1, 0, 1, 2, 1, 1, 3, 1, 2, 1, 1, 2, 2, 1, 1, 1, 1], [0, 1, 1, 1, 1, 1, 1, 1, 1, 1], [1, 1, 1, 1, 1, 1, 1, 1, 1, 1], [1], [0, 1, 1, 2, 1, 1, 1]]
((0, 1), (0, 1))
Univariate Polynomial Ring in x_00 over Rational Field
No Candidate with parameters
[[0, 1, 1, 0, 2, 2, 0, 1, 3, 1, 2, 1, 1, 2, 2, 1, 1, 1, 1], [0, 1, 1, 1, 1, 1, 1, 1, 1, 1], [1, 1, 1, 1, 1, 1, 1, 1, 1, 1], [1], [0, 1, 1, 2, 1, 1, 1]]
((1, x_00),)
No Candidate with parameters
[[0, 1, 1, 0, 2, 2, 0, 1, 3, 1, 2, 1, 1, 2, 2, 1, 1, 1, 1], [0, 1, 1, 1, 1, 1, 1, 1, 1, 1], [1, 1, 1, 1, 1, 1, 1, 1, 1, 1], [1], [0, 1, 1, 2, 1, 1, 1]]
((0, 1),)
Univariate Polynomial Ring in x_00 over Rational Field
No Candidate with parameters
[[0, 0, 1, 0, 1, 2, 1, 2, 3, 1, 2, 1, 1, 2, 2, 1, 1, 1, 1], [0, 1, 1, 1, 1, 1, 1, 1, 1, 1], [1, 1, 1, 1, 1, 1, 1, 1, 1, 1], [1], [0, 1, 1, 2, 1, 1, 1]]
((1, x_00),)
No Candidate with parameters
[[0, 0, 1, 0, 1, 2, 1, 2, 3, 1, 2, 1, 1, 2, 2, 1, 1, 1, 1], [0, 1, 1, 1, 1, 1, 1, 1, 1, 1], [1, 1, 1, 1, 1, 1, 1, 1, 1, 1], [1], [0, 1, 1, 2, 1, 1, 1]]
((0, 1),)
No Candidate
[[0, 0, 1, 0, 2, 2, 0, 2, 3, 1, 2, 1, 1, 2, 2, 1, 1, 1, 1], [0, 1, 1, 1, 1, 1, 1, 1, 1, 1], [1, 1, 1, 1, 1, 1, 1, 1, 1, 1], [1], [0, 1, 1, 2, 1, 1, 1]]
No Candidate
[[0, 0, 1, 1, 0, 2, 1, 2, 3, 1, 2, 1, 1, 2, 2, 1, 1, 1, 1], [0, 1, 1, 1, 1, 1, 1, 1, 1, 1], [1, 1, 1, 1, 1, 1, 1, 1, 1, 1], [1], [0, 1, 1, 2, 1, 1, 1]]
Univariate Polynomial Ring in x_00 over Rational Field
No Candidate with parameters
[[0, 0, 1, 1, 1, 2, 0, 2, 3, 1, 2, 1, 1, 2, 2, 1, 1, 1, 1], [0, 1, 1, 1, 1, 1, 1, 1, 1, 1], [1, 1, 1, 1, 1, 1, 1, 1, 1, 1], [1], [0, 1, 1, 2, 1, 1, 1]]
((1, x_00),)
No Candidate with parameters
[[0, 0, 1, 1, 1, 2, 0, 2, 3, 1, 2, 1, 1, 2, 2, 1, 1, 1, 1], [0, 1, 1, 1, 1, 1, 1, 1, 1, 1], [1, 1, 1, 1, 1, 1, 1, 1, 1, 1], [1], [0, 1, 1, 2, 1, 1, 1]]
((0, 1),)
Multivariate Polynomial Ring in x_00, x_10 over Rational Field
No Candidate with parameters
[[0, 0, 1, 1, 1, 1, 1, 2, 3, 1, 2, 1, 1, 2, 2, 1, 1, 1, 1], [0, 1, 1, 1, 1, 1, 1, 1, 1, 1], [1, 1, 1, 1, 1, 1, 1, 1, 1, 1], [1], [0, 1, 1, 2, 1, 1, 1]]
((1, x_00), (1, x_10))
No Candidate with parameters
[[0, 0, 1, 1, 1, 1, 1, 2, 3, 1, 2, 1, 1, 2, 2, 1, 1, 1, 1], [0, 1, 1, 1, 1, 1, 1, 1, 1, 1], [1, 1, 1, 1, 1, 1, 1, 1, 1, 1], [1], [0, 1, 1, 2, 1, 1, 1]]
((1, x_00), (0, 1))
No Candidate with parameters
[[0, 0, 1, 1, 1, 1, 1, 2, 3, 1, 2, 1, 1, 2, 2, 1, 1, 1, 1], [0, 1, 1, 1, 1, 1, 1, 1, 1, 1], [1, 1, 1, 1, 1, 1, 1, 1, 1, 1], [1], [0, 1, 1, 2, 1, 1, 1]]
((0, 1), (1, x_10))
No Candidate with parameters
[[0, 0, 1, 1, 1, 1, 1, 2, 3, 1, 2, 1, 1, 2, 2, 1, 1, 1, 1], [0, 1, 1, 1, 1, 1, 1, 1, 1, 1], [1, 1, 1, 1, 1, 1, 1, 1, 1, 1], [1], [0, 1, 1, 2, 1, 1, 1]]
((0, 1), (0, 1))
Multivariate Polynomial Ring in x_00, x_10 over Rational Field
No Candidate with parameters
[[0, 0, 1, 1, 1, 2, 1, 1, 3, 1, 2, 1, 1, 2, 2, 1, 1, 1, 1], [0, 1, 1, 1, 1, 1, 1, 1, 1, 1], [1, 1, 1, 1, 1, 1, 1, 1, 1, 1], [1], [0, 1, 1, 2, 1, 1, 1]]
((1, x_00), (1, x_10))
No Candidate with parameters
[[0, 0, 1, 1, 1, 2, 1, 1, 3, 1, 2, 1, 1, 2, 2, 1, 1, 1, 1], [0, 1, 1, 1, 1, 1, 1, 1, 1, 1], [1, 1, 1, 1, 1, 1, 1, 1, 1, 1], [1], [0, 1, 1, 2, 1, 1, 1]]
((1, x_00), (0, 1))
No Candidate with parameters
[[0, 0, 1, 1, 1, 2, 1, 1, 3, 1, 2, 1, 1, 2, 2, 1, 1, 1, 1], [0, 1, 1, 1, 1, 1, 1, 1, 1, 1], [1, 1, 1, 1, 1, 1, 1, 1, 1, 1], [1], [0, 1, 1, 2, 1, 1, 1]]
((0, 1), (1, x_10))
No Candidate with parameters
[[0, 0, 1, 1, 1, 2, 1, 1, 3, 1, 2, 1, 1, 2, 2, 1, 1, 1, 1], [0, 1, 1, 1, 1, 1, 1, 1, 1, 1], [1, 1, 1, 1, 1, 1, 1, 1, 1, 1], [1], [0, 1, 1, 2, 1, 1, 1]]
((0, 1), (0, 1))
Univariate Polynomial Ring in x_00 over Rational Field
No Candidate with parameters
[[0, 0, 0, 1, 1, 2, 1, 2, 3, 1, 2, 1, 1, 2, 2, 1, 1, 1, 1], [0, 1, 1, 1, 1, 1, 1, 1, 1, 1], [1, 1, 1, 1, 1, 1, 1, 1, 1, 1], [1], [0, 1, 1, 2, 1, 1, 1]]
((1, x_00),)
No Candidate with parameters
[[0, 0, 0, 1, 1, 2, 1, 2, 3, 1, 2, 1, 1, 2, 2, 1, 1, 1, 1], [0, 1, 1, 1, 1, 1, 1, 1, 1, 1], [1, 1, 1, 1, 1, 1, 1, 1, 1, 1], [1], [0, 1, 1, 2, 1, 1, 1]]
((0, 1),)
Univariate Polynomial Ring in x_00 over Rational Field
No Candidate with parameters
[[0, 0, 0, 1, 2, 1, 1, 2, 3, 1, 2, 1, 1, 2, 2, 1, 1, 1, 1], [0, 1, 1, 1, 1, 1, 1, 1, 1, 1], [1, 1, 1, 1, 1, 1, 1, 1, 1, 1], [1], [0, 1, 1, 2, 1, 1, 1]]
((1, x_00),)
No Candidate with parameters
[[0, 0, 0, 1, 2, 1, 1, 2, 3, 1, 2, 1, 1, 2, 2, 1, 1, 1, 1], [0, 1, 1, 1, 1, 1, 1, 1, 1, 1], [1, 1, 1, 1, 1, 1, 1, 1, 1, 1], [1], [0, 1, 1, 2, 1, 1, 1]]
((0, 1),)
