c is[0, 1, 0, 0, 5]
No Candidate
[[1, 1, 1, 1, 2, 2, 1, 2, 3, 1, 2, 1, 1, 2, 2, 1, 1, 1, 1], [0, 1, 1, 1, 1, 1, 1, 1, 1, 1], [1, 1, 1, 1, 1, 1, 1, 1, 1, 1], [1], [0, 0, 0, 0, 1, 1, 1]]
Univariate Polynomial Ring in x_00 over Rational Field
No Candidate with parameters
[[1, 1, 1, 1, 2, 2, 1, 2, 3, 1, 2, 1, 1, 2, 2, 1, 1, 1, 1], [0, 1, 1, 1, 1, 1, 1, 1, 1, 1], [1, 1, 1, 1, 1, 1, 1, 1, 1, 1], [1], [0, 0, 0, 1, 0, 1, 1]]
((1, x_00),)
No Candidate with parameters
[[1, 1, 1, 1, 2, 2, 1, 2, 3, 1, 2, 1, 1, 2, 2, 1, 1, 1, 1], [0, 1, 1, 1, 1, 1, 1, 1, 1, 1], [1, 1, 1, 1, 1, 1, 1, 1, 1, 1], [1], [0, 0, 0, 1, 0, 1, 1]]
((0, 1),)
Univariate Polynomial Ring in x_00 over Rational Field
No Candidate with parameters
[[1, 1, 1, 1, 2, 2, 1, 2, 3, 1, 2, 1, 1, 2, 2, 1, 1, 1, 1], [0, 1, 1, 1, 1, 1, 1, 1, 1, 1], [1, 1, 1, 1, 1, 1, 1, 1, 1, 1], [1], [0, 0, 0, 1, 1, 0, 1]]
((1, x_00),)
No Candidate with parameters
[[1, 1, 1, 1, 2, 2, 1, 2, 3, 1, 2, 1, 1, 2, 2, 1, 1, 1, 1], [0, 1, 1, 1, 1, 1, 1, 1, 1, 1], [1, 1, 1, 1, 1, 1, 1, 1, 1, 1], [1], [0, 0, 0, 1, 1, 0, 1]]
((0, 1),)
No Candidate
[[1, 1, 1, 1, 2, 2, 1, 2, 3, 1, 2, 1, 1, 2, 2, 1, 1, 1, 1], [0, 1, 1, 1, 1, 1, 1, 1, 1, 1], [1, 1, 1, 1, 1, 1, 1, 1, 1, 1], [1], [0, 0, 1, 0, 0, 1, 1]]
No Candidate
[[1, 1, 1, 1, 2, 2, 1, 2, 3, 1, 2, 1, 1, 2, 2, 1, 1, 1, 1], [0, 1, 1, 1, 1, 1, 1, 1, 1, 1], [1, 1, 1, 1, 1, 1, 1, 1, 1, 1], [1], [0, 0, 1, 0, 1, 0, 1]]
Univariate Polynomial Ring in x_00 over Rational Field
No Candidate with parameters
[[1, 1, 1, 1, 2, 2, 1, 2, 3, 1, 2, 1, 1, 2, 2, 1, 1, 1, 1], [0, 1, 1, 1, 1, 1, 1, 1, 1, 1], [1, 1, 1, 1, 1, 1, 1, 1, 1, 1], [1], [0, 0, 1, 1, 0, 0, 1]]
((1, x_00),)
No Candidate with parameters
[[1, 1, 1, 1, 2, 2, 1, 2, 3, 1, 2, 1, 1, 2, 2, 1, 1, 1, 1], [0, 1, 1, 1, 1, 1, 1, 1, 1, 1], [1, 1, 1, 1, 1, 1, 1, 1, 1, 1], [1], [0, 0, 1, 1, 0, 0, 1]]
((0, 1),)
Univariate Polynomial Ring in x_00 over Rational Field
No Candidate with parameters
[[1, 1, 1, 1, 2, 2, 1, 2, 3, 1, 2, 1, 1, 2, 2, 1, 1, 1, 1], [0, 1, 1, 1, 1, 1, 1, 1, 1, 1], [1, 1, 1, 1, 1, 1, 1, 1, 1, 1], [1], [0, 0, 1, 1, 0, 1, 0]]
((1, x_00),)
No Candidate with parameters
[[1, 1, 1, 1, 2, 2, 1, 2, 3, 1, 2, 1, 1, 2, 2, 1, 1, 1, 1], [0, 1, 1, 1, 1, 1, 1, 1, 1, 1], [1, 1, 1, 1, 1, 1, 1, 1, 1, 1], [1], [0, 0, 1, 1, 0, 1, 0]]
((0, 1),)
Univariate Polynomial Ring in x_00 over Rational Field
No Candidate with parameters
[[1, 1, 1, 1, 2, 2, 1, 2, 3, 1, 2, 1, 1, 2, 2, 1, 1, 1, 1], [0, 1, 1, 1, 1, 1, 1, 1, 1, 1], [1, 1, 1, 1, 1, 1, 1, 1, 1, 1], [1], [0, 0, 1, 1, 1, 0, 0]]
((1, x_00),)
No Candidate with parameters
[[1, 1, 1, 1, 2, 2, 1, 2, 3, 1, 2, 1, 1, 2, 2, 1, 1, 1, 1], [0, 1, 1, 1, 1, 1, 1, 1, 1, 1], [1, 1, 1, 1, 1, 1, 1, 1, 1, 1], [1], [0, 0, 1, 1, 1, 0, 0]]
((0, 1),)
No Candidate
[[1, 1, 1, 1, 2, 2, 1, 2, 3, 1, 2, 1, 1, 2, 2, 1, 1, 1, 1], [0, 1, 1, 1, 1, 1, 1, 1, 1, 1], [1, 1, 1, 1, 1, 1, 1, 1, 1, 1], [1], [0, 1, 0, 0, 0, 1, 1]]
No Candidate
[[1, 1, 1, 1, 2, 2, 1, 2, 3, 1, 2, 1, 1, 2, 2, 1, 1, 1, 1], [0, 1, 1, 1, 1, 1, 1, 1, 1, 1], [1, 1, 1, 1, 1, 1, 1, 1, 1, 1], [1], [0, 1, 0, 0, 1, 0, 1]]
Univariate Polynomial Ring in x_00 over Rational Field
No Candidate with parameters
[[1, 1, 1, 1, 2, 2, 1, 2, 3, 1, 2, 1, 1, 2, 2, 1, 1, 1, 1], [0, 1, 1, 1, 1, 1, 1, 1, 1, 1], [1, 1, 1, 1, 1, 1, 1, 1, 1, 1], [1], [0, 1, 0, 1, 0, 0, 1]]
((1, x_00),)
No Candidate with parameters
[[1, 1, 1, 1, 2, 2, 1, 2, 3, 1, 2, 1, 1, 2, 2, 1, 1, 1, 1], [0, 1, 1, 1, 1, 1, 1, 1, 1, 1], [1, 1, 1, 1, 1, 1, 1, 1, 1, 1], [1], [0, 1, 0, 1, 0, 0, 1]]
((0, 1),)
Univariate Polynomial Ring in x_00 over Rational Field
No Candidate with parameters
[[1, 1, 1, 1, 2, 2, 1, 2, 3, 1, 2, 1, 1, 2, 2, 1, 1, 1, 1], [0, 1, 1, 1, 1, 1, 1, 1, 1, 1], [1, 1, 1, 1, 1, 1, 1, 1, 1, 1], [1], [0, 1, 0, 1, 0, 1, 0]]
((1, x_00),)
No Candidate with parameters
[[1, 1, 1, 1, 2, 2, 1, 2, 3, 1, 2, 1, 1, 2, 2, 1, 1, 1, 1], [0, 1, 1, 1, 1, 1, 1, 1, 1, 1], [1, 1, 1, 1, 1, 1, 1, 1, 1, 1], [1], [0, 1, 0, 1, 0, 1, 0]]
((0, 1),)
Univariate Polynomial Ring in x_00 over Rational Field
No Candidate with parameters
[[1, 1, 1, 1, 2, 2, 1, 2, 3, 1, 2, 1, 1, 2, 2, 1, 1, 1, 1], [0, 1, 1, 1, 1, 1, 1, 1, 1, 1], [1, 1, 1, 1, 1, 1, 1, 1, 1, 1], [1], [0, 1, 0, 1, 1, 0, 0]]
((1, x_00),)
No Candidate with parameters
[[1, 1, 1, 1, 2, 2, 1, 2, 3, 1, 2, 1, 1, 2, 2, 1, 1, 1, 1], [0, 1, 1, 1, 1, 1, 1, 1, 1, 1], [1, 1, 1, 1, 1, 1, 1, 1, 1, 1], [1], [0, 1, 0, 1, 1, 0, 0]]
((0, 1),)
